100
6 0280001
6 0210122
2 268
6 3040068
0 1
6 0000011
3 0001
0 3
5 222001
6 0000781
1 31
5 608001
5 964024
6 6815838
6 1210112
1 09
6 0000001
4 11111
1 01
6 4020002
6 6300001
6 0009001
6 6400001
6 0000031
6 6202034
6 0682914
3 3071
1 01
6 6000001
6 8363649
3 7832
4 01211
2 881
6 8017086
6 1896984
6 3700008
6 0080001
2 008
6 6000201
4 18001
6 1122221
6 4533564
2 932
1 09
4 12022
6 6000001
6 0000501
6 8000661
6 0000001
1 61
6 0101211
6 4000161
0 1
6 0100111
6 0014301
6 0009001
6 0201211
5 110011
6 2102022
5 000001
1 01
6 1110011
1 71
4 00001
6 0000001
6 6003001
2 011
6 0500005
6 0002001
6 6000001
4 11111
4 00001
6 4335165
6 0000031
4 11111
6 0000801
0 1
0 1
2 001
6 0505001
6 3684204
6 9999999
6 1222111
6 0020001
1 01
6 8274391
6 3069001
6 1111111
5 004071
6 1111211
6 6008051
1 21
5 434301
3 0001
6 2029001
3 2211
4 80441
3 7007
0 2
6 6440674
