100
5 5
690 862 48 235 781
125 639 430 169 486
1000 757 423 961 200
222 869 649 768 403
910 972 701 842 916
3 3
331 67 233
916 177 352
376 268 835
10 10
106 370 600 809 358 153 760 425 158 962
762 275 10 46 338 257 358 868 376 665
357 173 662 200 750 846 139 344 797 748
37 555 871 247 989 412 290 832 485 26
407 442 498 274 287 951 795 569 464 621
785 687 461 292 186 107 161 972 222 138
856 694 247 978 553 899 236 454 40 112
750 782 527 213 279 704 973 495 708 577
674 608 16 66 220 853 872 318 890 304
878 260 976 328 822 429 138 878 934 250
5 5
346 966 629 134 683
564 50 719 956 558
603 46 463 251 82
686 244 440 469 515
648 285 939 755 701
3 3
856 957 691
389 867 757
520 636 91
10 10
962 407 294 24 475 693 356 258 291 73
402 228 658 784 477 947 762 982 26 376
581 640 312 320 809 402 451 900 741 320
301 726 285 78 756 403 495 186 599 265
146 108 20 693 69 548 3 111 814 847
232 980 191 603 58 252 282 667 357 456
403 837 837 870 369 765 766 153 564 679
825 186 583 267 407 674 839 994 748 677
496 905 888 22 11 373 421 113 918 76
732 460 862 133 918 348 873 2 646 86
5 5
237 290 461 992 649
823 448 21 659 94
84 468 290 453 845
174 768 134 865 924
144 879 48 91 769
3 3
323 654 213
331 911 907
685 246 733
10 10
74 474 504 476 255 175 648 407 147 945
454 682 895 689 919 518 28 320 78 682
578 440 840 971 496 28 275 646 98 429
710 802 190 281 782 891 56 164 643 152
394 609 286 373 654 943 630 802 832 138
491 335 168 73 728 942 401 403 125 704
79 25 999 421 40 311 344 693 979 850
185 813 4 725 759 452 877 204 794 535
790 64 881 60 497 683 72 89 174 61
643 385 787 506 421 868 218 717 334 309
5 5
798 15 785 974 677
381 745 627 229 10
323 816 304 789 95
73 194 281 482 67
42 974 277 658 652
3 3
132 742 184
748 779 863
9 40 630
10 10
966 63 376 519 978 522 638 256 45 74
736 146 646 642 782 72 664 884 829 137
455 820 481 666 511 953 835 369 946 391
604 227 311 990 535 662 597 228 105 969
741 445 222 295 937 834 873 975 107 279
373 438 234 204 308 1000 277 717 128 201
878 167 114 187 266 225 20 845 699 122
676 906 50 748 771 510 739 516 26 706
172 893 562 547 916 949 827 480 606 820
703 401 768 845 739 791 947 392 550 17
5 5
906 813 148 952 89
26 418 236 515 202
471 103 232 995 783
424 849 993 896 734
422 747 388 54 419
3 3
126 598 561
329 377 886
917 224 962
10 10
48 572 231 448 301 929 432 915 652 45
900 573 234 67 983 474 413 238 537 491
404 223 935 841 793 798 962 996 794 54
920 71 453 161 151 114 159 390 105 906
455 722 968 286 531 607 624 262 561 307
113 189 931 929 449 436 842 600 400 627
259 291 205 506 464 800 112 742 598 395
919 256 492 102 694 78 161 455 730 814
840 550 683 494 130 615 85 314 781 939
690 809 713 576 288 884 586 898 663 539
5 5
522 686 199 209 949
451 845 938 708 873
128 905 468 454 464
717 281 376 1 890
840 483 771 280 55
3 3
870 200 106
573 521 872
214 548 109
10 10
250 60 918 772 423 521 119 28 819 382
1 524 695 83 446 982 780 162 102 933
305 811 240 261 34 850 518 751 506 868
193 422 961 485 793 478 976 543 793 765
96 109 647 498 128 150 95 408 385 542
7 251 123 490 408 157 865 964 948 486
539 360 129 711 942 323 443 704 978 577
823 845 319 546 183 170 201 437 700 947
225 793 891 985 116 177 685 296 526 371
252 201 414 162 814 231 247 25 735 348
5 5
298 604 100 120 876
81 907 925 504 319
431 157 378 64 512
979 730 884 940 230
847 22 141 289 894
3 3
924 990 46
260 879 528
845 790 459
10 10
290 495 914 613 660 362 592 153 294 550
778 445 429 264 333 453 158 849 323 911
927 677 850 133 593 248 345 965 860 93
376 68 438 582 606 182 961 267 325 238
866 11 974 559 616 78 88 283 40 301
2 237 485 978 964 806 255 128 386 57
532 819 389 216 394 760 35 619 334 8
50 191 323 95 7 252 982 295 916 917
893 945 972 876 764 613 284 183 248 176
727 594 72 64 293 137 858 160 610 425
5 5
428 249 641 549 263
914 646 749 320 567
268 70 421 638 91
65 397 338 6 365
11 496 637 298 275
3 3
953 219 430
132 907 156
414 668 939
10 10
888 371 720 377 765 167 272 593 88 911
479 64 554 314 185 423 933 227 319 746
908 53 387 416 190 388 519 349 753 181
366 749 966 9 315 294 798 189 391 806
671 343 48 761 602 787 20 456 920 649
613 766 132 915 85 390 2 743 676 640
865 554 588 34 849 954 838 904 286 657
603 139 916 984 28 832 713 803 1 260
930 380 35 582 54 437 864 335 485 686
357 922 35 895 663 655 217 809 976 604
5 5
263 49 579 127 256
462 413 939 940 209
707 371 974 593 163
530 227 943 982 887
346 377 250 267 27
3 3
162 992 890
795 158 74
161 386 78
10 10
92 567 104 142 17 947 737 405 560 878
643 364 274 241 700 384 231 360 697 1
397 343 595 780 602 404 664 745 217 989
249 378 968 564 983 712 316 816 753 433
462 703 750 991 489 370 301 928 402 642
402 10 727 574 759 150 241 187 65 291
474 564 287 684 629 810 653 588 102 821
214 562 858 233 183 691 411 204 332 856
825 509 672 850 700 343 769 62 583 550
568 796 184 136 434 906 608 608 21 408
5 5
347 943 93 139 679
561 268 799 943 216
548 712 418 146 571
20 748 439 43 527
234 419 690 636 61
3 3
645 822 697
941 383 280
781 204 820
10 10
292 38 655 400 909 220 580 586 9 485
946 155 554 518 387 787 460 337 891 784
824 23 469 461 179 281 478 305 821 883
858 616 938 453 840 535 439 148 65 500
455 921 493 673 7 922 266 547 102 179
429 112 701 957 14 411 358 72 403 938
752 83 14 172 86 667 505 237 194 729
166 450 500 289 558 777 621 570 891 945
689 294 755 953 501 905 283 51 147 392
837 180 990 963 81 626 960 760 825 15
5 5
188 121 17 566 423
173 296 888 439 433
582 68 572 849 917
331 842 353 576 44
16 232 960 697 494
3 3
199 870 711
466 812 729
207 703 322
10 10
792 346 500 349 352 450 376 563 644 94
253 731 838 661 276 617 354 427 9 705
491 297 270 160 15 857 100 351 199 177
222 468 821 525 323 785 300 904 115 204
978 687 327 520 249 423 957 835 988 345
588 734 87 487 380 220 795 283 23 695
81 744 901 948 918 682 778 387 848 196
139 65 497 37 52 874 107 464 511 84
214 762 520 48 633 486 245 755 824 774
425 298 174 887 550 529 188 208 844 398
5 5
351 658 282 577 859
64 591 460 804 919
951 155 179 287 667
991 666 912 642 687
972 927 945 72 285
3 3
965 504 613
342 782 682
192 67 349
10 10
321 68 13 307 871 257 28 388 76 789
282 328 270 656 564 812 477 408 279 601
908 609 294 12 457 373 683 176 977 455
411 117 758 70 44 57 900 828 915 826
924 441 346 750 484 578 764 915 847 540
32 552 404 91 691 924 479 681 627 389
47 368 621 996 420 313 298 543 357 728
501 790 137 866 328 142 290 353 762 215
374 276 814 64 151 23 248 796 380 280
252 844 35 227 211 768 846 535 99 488
5 5
685 294 947 539 920
616 236 924 132 436
945 651 53 294 666
207 165 59 237 208
753 968 491 575 264
3 3
518 891 731
749 522 298
214 442 540
10 10
263 489 111 959 701 718 693 817 624 514
61 311 435 175 892 99 40 332 37 963
970 988 824 875 869 30 498 196 83 591
426 830 753 3 223 72 187 304 424 817
148 630 306 284 597 392 627 642 690 1000
801 799 973 788 263 345 271 538 955 429
894 279 457 82 759 86 643 610 589 733
781 290 897 246 909 502 617 391 600 221
166 59 475 201 635 809 912 448 204 874
991 996 383 134 288 78 521 25 172 358
5 5
971 815 10 180 526
393 670 441 414 850
413 131 307 282 921
325 929 450 563 327
181 335 998 584 109
3 3
911 915 261
341 609 184
396 189 631
10 10
339 424 123 493 233 948 716 476 769 5
571 486 316 367 766 55 721 949 482 126
227 218 998 298 29 654 376 301 612 313
337 686 508 613 227 336 782 115 105 602
173 744 648 234 627 180 379 607 120 709
730 361 231 905 202 955 883 553 110 647
779 397 755 105 894 729 476 368 512 226
434 768 743 888 802 470 503 45 614 828
907 461 874 763 683 754 782 829 570 464
292 263 878 578 306 951 585 687 649 932
5 5
103 891 734 718 521
827 155 624 414 930
297 425 447 673 686
901 957 852 529 304
576 714 63 912 826
3 3
830 880 771
402 647 695
892 437 827
10 10
846 389 124 718 547 30 98 24 986 428
977 615 6 920 925 461 499 732 990 544
889 510 236 242 371 726 247 32 970 123
37 353 496 833 620 572 511 479 406 734
402 140 669 354 928 619 851 211 821 215
603 429 789 383 490 366 474 15 883 991
794 991 638 545 749 804 176 589 599 898
223 478 789 627 614 516 520 131 919 144
205 877 33 807 585 839 193 2 803 434
424 625 91 553 169 168 39 218 869 179
5 5
923 347 129 800 52
599 896 891 494 556
528 385 271 535 717
567 795 486 295 797
493 368 874 304 160
3 3
527 527 618
501 498 493
958 114 962
10 10
147 182 712 101 314 23 576 328 976 681
495 611 742 459 313 572 142 547 466 832
439 89 684 884 718 941 449 14 707 788
708 686 759 282 826 742 357 592 300 469
811 949 455 978 940 863 31 640 779 464
625 700 309 814 358 235 354 568 396 878
63 672 541 681 793 380 786 12 971 333
609 185 315 815 959 948 593 598 24 482
689 382 795 405 285 124 193 868 215 129
176 377 196 822 881 534 705 919 2 397
5 5
941 107 431 859 377
15 748 169 145 613
663 375 33 512 975
75 997 121 249 209
157 787 564 124 750
3 3
125 147 969
619 613 276
209 873 681
10 10
590 184 989 316 482 456 881 440 495 485
471 126 269 473 914 522 481 662 926 817
314 422 676 520 654 510 903 957 467 263
170 605 225 297 839 411 775 394 750 857
842 136 704 459 402 143 383 781 171 941
286 181 146 498 979 917 234 35 673 470
439 691 875 71 643 626 105 214 582 868
702 642 966 680 240 289 83 59 129 384
649 303 874 491 80 522 184 637 591 646
229 185 961 908 162 78 679 833 566 693
5 5
771 934 232 666 944
801 464 156 543 632
804 389 665 980 606
308 781 526 857 671
195 294 619 733 9
3 3
582 421 601
346 306 353
526 763 22
10 10
887 483 346 344 960 270 357 80 365 838
259 614 516 452 429 307 790 842 249 632
691 571 614 670 775 110 284 104 373 297
52 851 982 200 929 885 168 196 968 523
39 304 423 156 531 767 197 219 900 277
163 376 185 876 651 546 639 317 20 533
550 5 832 332 222 629 374 361 933 168
991 796 967 526 782 28 554 647 529 655
443 140 4 615 210 513 234 283 902 181
207 399 464 653 215 322 471 199 785 646
5 5
49 424 870 486 767
254 804 771 9 740
637 302 397 896 869
42 842 116 22 100
643 609 819 25 269
3 3
737 952 524
964 52 726
443 728 843
10 10
208 970 232 372 97 272 730 561 180 121
646 360 938 370 445 359 613 186 608 603
799 779 653 555 203 453 679 573 177 541
960 185 204 415 890 772 63 544 212 937
27 150 637 373 95 741 478 486 913 763
771 507 481 39 641 867 278 652 928 624
846 329 389 412 90 82 857 160 865 251
233 516 897 348 237 873 652 278 148 755
801 455 529 759 602 560 15 13 403 940
240 216 212 264 909 51 960 71 494 38
5 5
449 695 949 83 74
504 645 295 476 234
528 343 565 153 641
680 185 840 835 255
45 995 16 815 464
3 3
908 766 787
45 371 174
305 227 403
10 10
925 685 904 87 18 452 474 982 344 916
182 767 590 939 872 95 855 731 404 2
498 109 748 43 599 136 156 372 370 339
512 15 396 306 919 816 706 616 123 580
883 419 168 865 656 864 799 391 704 859
544 231 575 7 210 648 608 976 34 921
529 565 20 899 431 908 573 467 917 682
80 553 413 816 304 873 997 191 276 892
190 91 963 909 967 97 553 497 653 865
672 858 984 254 1000 239 294 406 213 784
5 5
212 150 53 525 995
58 846 385 133 750
231 647 963 158 547
196 105 951 748 696
460 213 446 132 820
3 3
156 533 793
854 328 268
305 129 976
10 10
664 948 540 564 145 19 979 771 363 574
441 810 537 321 779 858 487 452 176 984
349 408 836 227 888 488 205 782 437 176
419 381 1 341 879 682 235 952 975 118
6 822 376 515 186 317 63 614 709 785
83 76 830 939 11 914 51 901 108 616
135 893 76 13 993 932 213 700 817 902
990 171 350 537 976 555 975 63 813 434
125 166 764 713 991 699 564 575 341 117
993 145 369 722 440 57 888 164 6 518
5 5
55 135 987 782 923
309 315 941 978 205
529 758 419 107 802
470 162 897 593 501
787 748 72 744 19
3 3
753 131 697
468 983 463
650 783 362
10 10
746 165 451 949 596 302 208 762 966 584
821 76 79 547 640 15 516 366 39 338
184 550 405 280 957 953 671 650 193 23
875 186 233 348 299 779 733 568 409 235
479 321 634 550 919 396 9 986 508 875
30 234 403 465 759 15 369 167 271 8
492 697 130 344 289 117 922 852 800 197
215 492 956 452 523 212 353 814 417 505
704 535 205 545 347 234 630 596 390 411
271 100 743 975 293 945 463 228 498 869
5 5
270 397 153 690 220
662 689 385 496 954
728 521 66 211 730
8 284 404 879 253
146 1 133 457 649
3 3
440 106 613
156 385 991
416 463 190
10 10
175 543 805 612 346 587 384 995 467 348
192 685 158 593 226 460 335 794 725 82
982 959 570 834 242 664 274 296 438 728
902 710 849 59 81 419 556 708 104 303
723 811 943 479 915 169 654 31 885 977
651 91 837 902 246 991 791 193 235 389
896 111 795 909 488 12 843 617 725 740
98 748 580 853 533 222 477 651 23 538
325 543 554 378 132 451 637 156 94 866
980 576 949 257 96 633 536 505 468 932
5 5
75 332 600 865 304
256 793 546 47 177
390 932 323 798 672
429 631 7 575 178
161 426 894 176 469
3 3
376 812 680
610 817 775
529 135 471
10 10
838 922 738 573 814 284 35 721 826 615
892 449 81 373 560 961 454 792 590 601
310 944 456 696 913 15 817 286 43 987
628 977 859 125 155 688 565 552 453 200
557 513 66 955 108 159 257 500 897 366
856 29 94 998 392 788 855 134 559 424
680 771 546 411 119 439 418 647 93 172
58 525 844 862 46 798 634 611 190 226
88 253 634 758 37 16 892 689 782 583
513 458 603 345 144 503 731 218 261 308
5 5
908 193 218 882 623
535 114 714 900 392
262 263 489 564 806
276 454 406 520 821
183 66 828 430 243
3 3
987 365 392
24 541 593
903 378 831
10 10
558 875 974 29 241 162 753 467 450 222
291 598 429 883 546 130 690 680 133 100
857 12 657 17 281 177 485 461 552 226
542 534 510 418 640 437 154 693 109 870
779 572 992 116 628 608 56 480 553 645
729 860 293 382 873 555 680 685 1 753
81 602 960 381 280 279 813 344 895 802
921 571 733 504 115 225 902 584 853 393
871 454 55 580 443 264 494 166 80 852
734 284 348 300 163 197 888 92 443 754
5 5
381 756 167 305 797
666 964 598 564 218
663 994 392 606 199
948 354 38 933 187
755 260 167 88 626
3 3
38 94 761
949 206 743
513 997 688
10 10
786 143 749 983 582 924 619 193 296 69
418 14 952 222 57 822 826 490 465 765
963 562 127 869 960 107 765 753 258 197
761 382 167 615 456 544 830 870 235 44
527 285 777 990 327 995 486 870 514 27
548 649 635 836 99 604 75 84 590 760
529 662 246 867 801 679 171 220 878 41
145 323 76 308 659 383 596 949 400 539
373 282 279 409 401 185 35 659 95 124
11 949 647 76 803 748 764 251 267 336
5 5
937 226 578 780 262
618 964 429 727 590
904 830 719 224 550
531 679 729 935 290
334 207 621 542 160
3 3
153 601 964
229 316 569
111 888 80
10 10
9 788 290 159 356 246 666 157 728 153
622 17 853 315 943 756 722 624 805 445
662 186 950 366 283 427 602 297 161 981
241 813 970 343 210 385 357 479 793 90
567 361 624 764 572 945 275 665 856 764
745 614 736 375 164 316 33 799 304 247
556 960 623 22 920 319 769 22 948 157
833 399 112 518 786 806 208 911 274 226
40 893 38 164 93 718 720 729 359 480
801 992 871 199 246 74 420 869 716 325
5 5
4 197 201 623 236
468 251 630 788 603
971 113 158 97 444
943 59 203 948 604
519 442 254 975 815
3 3
751 897 802
271 759 282
505 860 275
10 10
785 1 379 44 417 626 708 935 561 841
808 866 54 393 439 161 802 973 810 148
109 876 349 388 293 862 528 741 769 558
888 395 444 687 643 788 286 434 790 184
100 15 181 359 798 46 105 438 233 186
161 159 541 876 88 539 900 214 422 119
404 774 807 175 88 646 966 90 586 355
413 252 428 319 494 183 417 855 147 561
752 160 452 507 664 206 729 55 343 570
208 679 229 710 718 905 453 686 169 121
5 5
464 631 694 430 29
35 741 891 814 59
663 146 740 63 268
430 646 799 13 997
765 123 439 494 844
3 3
671 649 503
754 786 834
277 135 852
10 10
894 477 840 208 373 43 221 994 744 834
659 510 193 715 170 422 95 940 797 160
331 191 929 512 561 672 921 571 967 205
97 318 147 984 94 711 864 732 686 890
766 792 984 342 845 820 103 86 911 168
974 767 431 960 704 736 293 564 697 993
163 536 434 171 103 17 356 100 277 29
347 580 376 501 411 36 12 258 659 426
872 446 222 746 167 476 766 894 575 284
702 18 518 930 462 397 205 589 105 880
5 5
683 141 825 176 850
587 982 506 70 616
861 218 909 417 915
348 169 976 36 692
10 879 431 729 844
3 3
95 206 872
591 115 381
23 51 700
10 10
967 720 114 572 321 847 106 366 849 98
238 260 449 951 189 434 217 613 92 753
856 611 592 510 828 134 436 420 385 592
306 390 402 280 766 124 603 819 266 583
556 49 36 504 549 742 74 376 301 160
178 346 299 379 667 944 323 414 350 501
60 723 434 121 770 85 343 738 90 912
635 828 887 487 954 643 84 415 887 202
4 7 240 266 517 758 211 482 502 271
555 537 615 271 755 530 911 876 703 84
5 5
679 821 760 548 239
298 387 472 125 602
390 432 932 780 946
934 996 43 918 167
3 22 231 961 874
3 3
240 257 923
183 524 574
537 717 517
10 10
791 840 594 567 201 870 939 140 867 661
133 762 335 387 452 479 502 192 36 755
517 101 183 966 203 87 117 49 830 536
690 392 901 4 525 782 184 124 965 23
802 992 989 980 382 852 829 920 225 469
457 37 888 372 407 578 87 8 904 677
992 366 570 824 901 777 416 106 197 156
302 99 13 932 493 726 746 476 908 56
547 292 772 442 705 506 687 99 264 527
287 365 504 154 525 387 806 780 948 750
5 5
673 528 443 723 933
171 890 87 467 235
875 602 607 140 723
798 420 589 413 536
564 31 615 365 489
3 3
568 649 102
409 87 632
458 629 17
10 10
879 261 287 819 121 673 323 763 564 540
396 335 904 794 873 398 129 410 875 144
410 425 727 908 417 655 707 582 517 711
138 409 419 368 893 120 866 756 405 523
676 607 71 383 168 900 339 240 573 485
589 298 844 613 219 847 236 864 98 269
306 395 307 119 71 853 842 676 333 728
208 16 482 101 872 303 853 273 617 532
476 871 769 957 780 753 430 735 861 992
895 614 209 301 889 247 643 400 958 390
5 5
3 86 140 781 668
945 641 915 179 180
867 239 678 920 262
259 909 582 563 625
551 571 715 405 378
3 3
42 343 926
87 459 515
614 917 154
10 10
450 449 951 621 182 928 550 834 157 658
436 757 714 605 931 587 628 892 421 478
559 374 997 270 714 66 478 620 718 416
360 66 591 801 576 730 686 297 369 521
964 549 326 385 240 586 207 687 82 744
536 127 515 55 208 735 677 614 528 103
687 562 49 13 221 437 42 24 144 872
901 558 706 613 190 994 387 580 977 540
324 557 210 490 90 578 486 636 647 357
94 618 16 217 778 399 253 231 492 475
5 5
926 483 418 499 746
167 876 860 556 521
259 531 636 978 255
86 385 682 22 734
614 187 448 973 32
