100
2
200 100 100
2
1000000000 1000000000 1000000000
2
1000000000 100 1
2
250000001 0 1000000000
2
15788238 7726867 6640691
2
10722070 1858316 3900251
1
8556184 5686768
1
972047 1425258
2
8454202 3765949 4794433
2
10640302 5472976 383586
2
9802866 6548146 9097530
2
4871021 3281930 7475269
2
12596919 9006800 8700209
2
15057550 6151478 2365149
2
12774589 3778645 2881006
1
8658931 2775218
2
11230165 2734869 4884864
2
14924327 4514428 3255697
1
5293546 1556720
2
2699201 3479873 1902115
2
5379268 4456651 8516584
2
9638407 3293805 707601
2
11362288 1258984 3460346
1
3946018 2908774
2
6378193 1043749 4808017
2
17676665 6459644 6919467
1
6468956 5609967
2
5629919 6171233 6056451
1
8534261 5433255
1
9935622 6126771
2
6920376 5526571 3354944
1
4427238 6811575
2
12141782 4130057 6300544
2
5065440 5038497 6885976
2
8039911 6791866 7930647
2
13299784 4984165 2224173
2
8431009 2179572 9311664
1
1293267 2107311
2
6319758 1592119 3488180
1
9984234 5052929
1
4082116 4478474
2
16049855 6454803 8408147
1
7914683 7135082
1
1675294 2643032
2
1553915 1054065 1094784
2
5919949 6863952 5508405
1
2711378 4507192
2
3165748 1332075 944979
2
16732276 2026503 284630
2
7238196 2959636 4775826
1
2769640 4297953
2
12945008 8891011 4287567
2
12184221 1013537 715741
2
18270291 4516540 2709886
1
4629202 4234915
1
4567068 7949173
1
2295977 2443050
2
10935424 2531629 3127752
1
2336852 3014275
2
13873508 2167777 227300
1
8005825 5222590
1
7022961 4322731
2
10234167 3808311 3496801
1
3137340 4006103
2
7141320 5659583 5176217
1
4200045 7181993
2
16326708 6917633 7090901
2
13394211 1968095 1574077
1
1944003 2097763
2
16905972 6172067 4081820
2
9600218 3636312 2896740
1
5213016 1605038
2
10874459 850523 766162
2
10291119 5280205 1549795
1
8616431 6521819
1
5221496 3458390
1
710504 1249707
2
10931523 5351890 6786791
2
7414287 9430215 2009175
1
6517678 3940984
2
8606357 1142259 1993407
2
11996226 9093892 9054251
1
7824921 8319519
2
8814160 8897755 1866392
2
6408500 6208905 8537252
1
3134216 4206410
1
8092619 4002664
1
8471043 7977753
1
6730756 3879899
1
7558566 5483676
1
7331770 2556859
2
8330656 3732483 1346633
2
8749942 644235 570221
2
8470907 3228721 4132113
2
8427252 7414431 2854265
2
17428765 9934728 9798752
1
3555715 1808694
2
10601952 720828 1346249
1
4194365 4998232
2
6445918 1045028 5013993
