100
784 1347 4320 2494
1402 14 1485 118
3284 341 8335 1976
3165 5054 4125 5773
1164 1892 6992 3047
568 1947 808 3321
6268 4398 9180 5561
1104 3449 6785 4245
5192 2400 5838 6932
393 284 461 7423
4607 4880 5251 5231
2724 7556 4020 8233
1344 2601 3921 4295
4223 1041 9443 1976
1382 260 7277 556
625 1512 1789 7336
3325 1585 7043 5265
2784 8184 3397 8615
7864 2095 9074 2287
1968 1717 3669 2294
8199 4560 8909 5746
269 221 395 1931
2952 860 3339 7083
700 6071 3255 7377
3842 1017 4152 7052
5745 950 7806 6790
1738 563 6818 975
2292 2364 9946 3420
7090 3701 7965 4464
3443 788 3624 7513
508 6468 560 6862
5928 1700 6888 7448
1317 3355 2965 6862
2282 2610 6096 7509
214 5346 620 9671
3961 8460 8457 9540
180 2870 7753 8055
168 641 7825 1675
4 1968 18 4925
1193 188 8200 323
864 3228 5474 8109
5177 3593 6019 4955
6262 1724 7736 2832
5258 2317 6316 2741
751 194 1753 209
1551 1318 3199 8136
6948 1326 7913 2385
2066 1376 5902 2940
4651 1173 4950 1987
210 1384 223 5777
96 2562 542 5457
357 4718 2137 4808
820 1974 1332 2389
1155 938 1450 9240
16 227 31 897
174 2866 212 9162
679 3920 859 5768
171 545 6699 781
6027 3054 6534 3090
203 3215 4969 4452
4956 3618 8515 4908
188 1449 250 1491
639 1446 2811 9893
986 594 8384 9782
745 596 6711 1730
7580 2410 8336 3241
2908 3394 8327 4588
645 3965 9203 7313
4426 808 9374 3085
8299 3231 8775 9394
129 4485 5044 4886
2365 2438 2571 5286
2045 6238 2211 6539
1234 1558 5062 7821
3745 1238 8122 2117
549 1115 1361 3191
3077 4623 3405 5552
4077 139 7704 3308
281 296 643 4699
2157 7376 7501 7556
3569 2336 3879 3563
3513 5730 8309 6112
1391 1075 1543 1160
1272 471 3305 1583
1578 8025 9688 9789
2055 3997 3686 8825
1334 936 8640 1468
1512 2507 3870 3704
2037 1664 3354 3320
400 40 5477 2169
870 1785 1030 2202
3643 3388 7332 4448
141 2476 5191 5517
7607 2675 7641 2930
3 9379 419 9570
4018 2194 8341 5001
20 6473 166 8572
1785 3078 2701 4211
583 1137 9679 4581
2626 1896 7242 9602
4768 1630 9233 4071
2431 3241 6457 5070
116 414 5251 532
7378 482 9084 4111
1510 2199 3425 8159
73 1649 391 7379
16 7504 169 8176
3500 49 8339 94
6175 886 6255 1796
373 461 5758 1621
187 720 1994 2586
6835 4486 8537 8930
4164 89 5668 1463
412 122 4921 3747
2117 6700 3069 8947
392 835 1894 5899
1932 710 5817 1114
2022 6007 5439 7584
91 124 158 1117
85 1409 5109 1515
325 805 6247 1182
101 4732 4172 5083
166 2557 1300 5095
1528 167 3453 1153
1120 2605 2599 4995
185 473 1366 5957
1065 3007 4376 3747
1295 453 3176 849
104 344 2402 555
492 3431 4759 4545
5122 4566 8435 6435
1944 6296 4526 6921
1940 1681 9168 2487
861 721 905 1135
3002 994 6096 1415
1393 18 4153 76
2997 616 3724 1671
2493 179 4804 527
1905 1060 2101 3327
235 2402 898 6730
2050 2318 2142 4876
69 2525 161 7203
634 849 7421 1134
3914 2716 5426 7572
401 4439 462 6089
2155 3897 5625 5580
1278 1038 3345 1140
1113 3063 1553 5500
800 70 4327 7836
2545 1924 6742 2411
3596 447 5577 7698
325 157 345 338
3281 1735 6913 2521
2742 2245 8351 3649
2190 2880 5566 9625
7821 313 9746 5080
754 412 884 2047
503 3993 4223 4702
135 1785 138 1978
1164 278 2071 606
955 671 3562 9151
3015 285 7310 1140
324 2526 7285 8006
1391 1748 7471 2549
2684 1474 3789 1499
6274 1077 7686 1717
5992 2484 8569 2622
238 1127 4196 6462
3831 423 7716 3012
3712 6645 5566 6927
439 3704 2142 7124
1555 259 5454 843
6499 1600 8442 3498
2112 7964 3713 9718
494 2904 5150 7127
1241 1176 1815 3996
3640 1131 4566 1679
406 611 455 2970
439 2363 593 5594
4233 5 8696 898
2580 395 2594 5891
4057 42 7625 203
43 1366 352 7996
142 3038 1530 3455
81 934 7191 8808
2755 2977 8048 4764
399 5165 2053 5344
1357 4518 2629 9507
4734 2151 6350 2607
2649 814 3478 8828
902 1324 1465 6582
312 350 1443 2016
876 260 2720 296
209 774 386 893
253 808 2756 1614
2247 1008 9725 1461
6266 2551 7702 2581
3383 6021 4063 8175
190 2317 895 9243
321 408 2859 1013
