850
2147483647 10000000
22665 4993
28529 2150
3148 2232
27853 4208
28949 4862
30138 305
13082 9647
29762 121
18913 5052
16945 3781
13489 9137
26918 8662
23367 8534
10475 9477
26313 5075
14338 6388
9984 7927
29312 6134
22465 2427
27423 5553
23212 9010
4750 4627
14618 500
26891 7187
592 1931
28212 5514
23033 1005
17178 1873
19155 1212
12952 3676
12712 619
5091 4408
21632 9618
15201 2369
31253 3
28095 7239
5511 6349
2366 8818
23121 8400
22861 1619
19580 4643
18525 5389
8466 5939
25585 308
726 1549
26356 6149
3890 4718
15952 9238
8049 3097
15292 63
12846 3145
27349 2250
2316 1191
15473 5302
20136 1373
31792 2018
22732 1436
17492 8312
23270 5531
25554 8072
7352 993
27304 2471
2384 726
20594 9751
10811 2901
26936 9817
25334 6852
7307 9648
165 9351
4816 4504
29191 9794
19675 7527
15274 4829
22976 6115
31835 9261
7909 884
5601 6960
26204 6842
19947 1577
10096 8130
31558 2302
15742 7462
4947 1246
263 9043
11193 2614
30466 8239
17495 1926
2679 602
28029 1616
1097 3092
7771 3424
13652 7776
20409 8370
1719 8695
12009 864
25715 9872
31994 3307
13878 222
28207 7101
23153 7818
7599 7037
22448 2483
27006 1154
14379 9780
19116 1787
17304 7701
32205 2206
2884 20
4009 2879
31842 8853
8756 8995
27811 8247
32192 6662
21767 2250
17009 7546
12018 9438
19953 4642
10114 8445
10598 3214
7456 8604
5025 6839
6997 9789
31640 7677
18655 7737
32535 2414
31749 7836
16818 7034
26919 5378
12286 7381
8089 2929
769 5293
18610 3446
6118 1725
23839 8724
28661 1729
17533 6698
27843 2539
4904 4437
7334 1494
23117 4358
11116 2104
15943 5861
19277 8397
18216 8390
10781 3681
8085 267
18119 3710
13784 1626
15094 5016
29488 2848
19733 2677
32107 9766
24186 5089
14007 884
2526 3200
28598 3859
1553 1349
32720 4535
8427 1619
14285 3261
26246 818
25251 9200
18602 8517
18572 146
23177 1049
26716 42
29869 1616
23314 1289
21806 495
5549 5298
4136 7461
32065 761
25708 5517
329 7930
18550 3125
12351 6510
17312 7248
31338 7129
26517 553
5880 4647
32263 5098
16204 9225
16037 3067
13465 2522
8519 7966
17328 3543
8300 1291
15126 127
32743 4248
1882 7047
27605 8923
27045 9665
978 5699
31891 8381
9837 5779
31553 5152
4313 2865
32424 7941
9957 62
9513 6338
30509 8214
22632 2876
20370 6827
9566 8637
30185 381
23210 4277
22768 141
24872 8638
19846 4866
709 8677
11291 5275
5010 1158
25189 9862
12567 1735
19796 1825
3049 3384
28489 687
28543 3016
22147 4093
31809 5212
18393 6565
18402 4476
431 3027
22512 8814
11043 4950
10921 8968
17287 2473
16913 9312
9748 7571
25921 2005
30172 7164
3074 4852
1537 3569
10394 7844
4645 2697
17382 4851
23329 3112
8105 9428
31738 4484
21284 9961
2833 7655
5607 8830
23449 5925
11494 2966
29518 6206
11727 5386
2148 6
3227 5246
7102 2083
10084 3702
865 7367
17526 3098
31016 142
13992 7846
441 1002
7149 4085
16311 653
27174 303
1850 2070
15930 7088
17788 4721
8553 5435
4309 9400
14557 5151
29929 1886
4994 5560
20256 6254
2584 8809
20310 975
25991 2601
28884 8651
16242 2044
32639 5888
20750 2356
32080 6934
9269 9959
31748 6338
23222 9874
16149 9514
32752 158
14824 2906
6303 3618
15944 8791
25845 6921
28435 434
2285 9030
19251 6928
3804 2469
25808 8503
30792 884
6340 7195
20734 4866
23120 250
30815 3350
26381 9636
5371 1939
30501 3807
26209 9466
15810 602
26932 4609
19911 7617
386 1091
14015 7680
8018 7305
28178 683
4476 8711
22655 1886
31422 3945
1990 4384
7435 207
165 1406
28454 5479
7430 1989
12400 4394
24183 6895
28415 3434
17626 2050
13295 3515
32094 5109
18941 4574
32174 7813
21073 2822
24424 9623
7068 7109
4048 942
28515 1718
10182 1583
18843 6305
32757 9123
11893 9386
21838 5230
4731 7194
4533 7534
2268 4115
3321 1301
11268 78
23050 9546
29808 5432
29798 9677
29121 7580
25045 858
6671 3314
7254 7584
9087 3257
22617 83
7192 9584
31534 1054
13266 8540
21950 2141
27888 5941
30585 7929
9872 161
11663 1509
13697 4613
611 6441
32596 1897
20797 5501
19382 123
16958 873
16381 8487
17050 1243
14592 4294
19713 7704
30508 7893
5726 9910
20692 6200
29380 7321
24265 14
1701 3597
22315 6437
6214 3892
2686 2673
5487 1583
14080 4202
8551 9106
9786 9156
16160 484
18646 5284
27566 5332
17584 8991
15613 850
10544 1796
22724 1389
15830 9837
22453 4441
7958 5601
26871 6660
7527 1998
18901 712
4759 7302
26040 3987
8545 4039
12882 9957
4929 1248
7197 4746
18567 8881
5892 9242
28331 6562
10079 9933
28896 8678
30501 5874
22251 2033
19293 8961
1590 9111
28118 7072
6432 9799
24344 7875
16536 6921
25754 9480
25578 5044
18230 9106
29400 5155
21977 8100
7661 5720
127 7872
26894 594
8031 6768
19538 4283
14946 2901
22292 5493
25818 2510
2374 70
369 1020
22279 433
607 5907
2680 6455
31201 6691
30668 1486
3814 9176
14239 2497
10763 2479
23433 1256
28361 4731
20722 3369
21741 5702
26152 8703
30281 8683
9646 7882
25770 7716
31704 4983
7178 367
23188 7730
25862 3671
20363 9321
15250 5728
16489 5970
3563 8914
16760 5808
26573 3338
14964 2
24039 4174
19867 9613
19852 447
13571 9931
17579 8452
2608 1523
9729 4420
11238 2507
23949 3028
13884 652
14660 9746
16626 453
14855 1921
22532 6546
28882 439
25215 6287
15414 8547
27540 6871
31241 4162
491 2610
348 532
8506 7086
30893 3898
23061 6892
23646 1171
11272 9087
18790 1960
17891 1649
24647 4132
8277 2471
21568 7080
9916 4022
31427 3102
25148 5206
28457 7692
23310 3701
7845 9147
9243 9247
20598 3369
17610 5613
32353 1324
29974 475
4447 4600
24547 495
22163 3298
24466 9735
16510 1350
26835 1937
18550 5542
6074 9889
1108 7636
4886 8991
17518 1843
14846 8895
19909 8904
20396 1397
1151 134
6543 6744
6807 5867
9115 3782
5843 2293
7908 3960
18422 7305
3691 2920
30775 3157
13879 9504
29939 6564
168 2885
16031 9586
19977 7460
29952 5312
25188 2828
21406 1067
26010 3132
21110 8232
10674 6302
16111 9107
11122 2388
24847 504
300 7857
239 1121
11227 3180
24684 1314
32367 6721
32032 1857
3940 9688
11921 6137
26777 9258
29863 5473
26976 5425
2660 2905
3793 4239
4303 8549
5733 4498
26161 2477
11968 726
32132 9731
10957 6124
18985 7463
27408 4298
5081 9864
28984 867
18142 3659
20980 3128
5251 2593
30984 9950
30665 9828
29600 706
29275 1618
13540 4155
5572 6254
2252 735
11488 1635
10550 8552
6544 9322
10550 808
15026 8862
10925 2363
28241 1662
4637 4877
1048 5715
11451 9116
13325 4914
31942 8510
28028 8900
8216 229
4656 9140
1275 1250
29161 1833
24893 6761
6667 2709
8071 3908
19860 1997
14058 3322
14672 5433
8379 6337
14416 7086
24737 5873
15512 1115
21228 7387
12312 3329
13608 2138
25054 1639
7410 8105
21385 3212
20747 3126
31489 2174
14507 8181
19557 4763
21784 6199
8261 6230
31094 9037
18962 5772
13537 3719
29394 7351
8889 1234
3096 8498
5437 5378
28468 2991
20060 8524
31911 6550
15047 7799
20442 8238
25419 6835
23311 545
2142 6763
32663 6811
7160 8663
30277 3187
3492 9462
7204 1277
7382 6410
30565 2047
9599 5988
2203 2243
6879 6657
15403 2205
9370 4245
4093 5693
4623 3847
16760 7847
6117 1325
6062 8673
3046 602
7635 1404
4881 5989
25076 2055
30186 667
3045 576
3861 552
24700 8877
2083 9122
1276 5658
22700 3702
5844 835
15262 9048
27530 7524
3796 2277
3314 4816
20715 9931
17827 2079
12625 1196
20907 4811
26270 1454
1922 4733
16168 4502
3389 1107
8145 3926
28164 277
25892 9029
9158 392
23201 1966
26923 5554
15444 9788
26571 6975
30381 356
5789 4756
6283 9059
23730 1714
11162 5914
19491 3053
26335 8279
2376 4190
28561 1542
12842 1781
7211 8087
23099 3667
28095 7362
28229 3031
13197 104
5281 5623
3284 3580
23977 6866
15592 4099
22639 8132
1413 2583
24496 9193
31587 8402
13059 9349
2314 6601
12374 8244
5096 2054
16795 397
30625 5851
21183 6172
19366 4484
25564 2737
9993 2700
2991 9891
22160 9682
32332 936
14600 5230
27664 1929
13787 9167
19672 6546
485 663
27504 8392
9860 5417
17743 1822
32494 513
4737 6313
8136 5797
2532 9027
23796 4971
13719 1501
25002 1419
27568 5736
3786 9014
16173 2389
4976 951
32046 4475
29641 2216
2657 538
29222 3208
13501 686
3663 4125
19827 4374
3866 1925
7969 1173
19004 113
5193 8953
7774 995
8707 2410
21364 6023
19182 2357
21834 7440
20076 6106
31839 2213
22543 882
22775 6540
17230 5701
13420 3621
18301 4699
15557 9595
8188 2897
3721 4774
1198 1854
4310 8948
1708 4039
22445 5273
9531 7664
144 101
12028 373
15695 7461
17251 7976
287 4300
2154 2618
1004 100
26759 8447
4080 543
27867 3885
19845 2531
1964 7702
311 5285
25365 7975
28702 1013
2044 7568
24171 6475
28997 7716
23616 2768
24389 8259
21701 1457
32634 7623
4984 7119
15481 7435
13252 9818
18983 2563
11990 8351
16940 9111
31660 1631
25765 306
30062 578
20761 3675
31746 4652
19375 4545
731 9871
25246 4988
529 7985
2020 3938
32183 2400
29499 3063
5993 1315
24649 8857
24100 2434
32023 1051
20570 153
7364 5855
17478 2073
635 5482
10878 6031
22690 1538
24263 6361
10324 7611
31532 8246
25874 755
24914 6126
24757 4619
28166 3938
15271 1431
2840 9141
9555 6376
4972 795
218 8184
15694 2224
16904 9300
32518 9789
5766 8113
8620 598
12113 2392
30270 6072
15978 6004
24816 4337
31952 6511
11971 2672
19627 7687
26969 9759
19402 7526
7432 2349
27215 5123
17709 225
22953 2099
21187 3948
26563 9652
308 2335
6779 715
28014 4141
8022 1884
9018 3842
25458 5498
5321 3044
26556 3760
12432 9736
9570 367
2391 4152
5772 7705
17548 9428
14151 3197
17116 7079
4801 8580
