100
952971822060114193
140737488355328
934296395152937849
800002400371260418
460154432607843995
973817061652507447
728159789462445431
997885832038833684
977653332453138730
194668967361721336
115675577310972489
144207219371574430
103621373319647076
802620145243232986
146573571875617440
461017453366825441
315304691510482300
78968631900296706
10
526492857478239788
434999730528941305
868803859220348599
901389776628202955
733198800192382474
357975267593367816
919737599268737278
965835698870716253
11506134017843700
279557337650156621
473872499472169776
910595123665661403
432823735740211721
591216183933499584
936790795006797474
771637144895566334
191200091184030487
900960287843191700
3131487078144609
930266194928689899
614318754722944497
243199748809582396
143234505076885152
290231113384417645
962011044749229347
1073741824
682558660661630146
42471303898158809
34359738368
2
196260814883782607
650227140045568948
613999789213995382
611380955078582951
388567548410416604
288230376151711744
940268125416913873
131592298523412649
920926530814993639
117136637400943557
115761519720250819
470019942512251828
387315522969022318
959472352497521831
299869516944827167
928426592113590234
628574494350732042
935416253299551649
728898059761137281
704194218873141928
925794487819608128
906631150268061054
89000515423495740
678212429718778121
161539642889102046
813268031391843243
924995115072105775
996115774345315502
697996824546719613
245350258086868960
981041277877612072
107073603833449546
294332941651264704
991783669895993635
1
2048
915785920208519286
234834943225474509
496437401935589401
708631728711542052
283195725194082601
332867353577598957
1
39927203942732599
535833555371695119
935682753734049155
3
631671472500967958
779015328993167104
184372260703825532
952422095443258280
