10
100 100
1101100100001011111111000001111010010101000111101100011111111100101111100001010101011110110100000001
1101001000001010011010101001001100111100101111101100110111010010111100011110011100001100010000001010
0101100110000110001000110110111010000110110000111001011101100110101010110001111101101000000100100100
0001001001101110000001100111100100100000101001101000001100011110000011110111011010100011101100001111
1110001101001100011000000010010011000000001101011100111100100101110100011000000001000011111011001100
1111101110000101000010011001101101011111001011100000101000011011100101000110010011010000100110100100
1011000000100010101010000111100000011101110110111100001001010000110100100010101000100111111100000111
1100000100010010011101111100101001100001110010011110000000001011100111100100100100011000100110101000
1100110101100011010101011011011010010010001011001010100110000000011001100001011001100001011000000010
0110001001101000000110001010100110001011001000110110101101100110100110000001000101000001011000100000
1000100100100111011111000011100011101001100000110100010111001111000110000001100011000100010000011000
1010001000000011011100010000011101001000010100011000000101011010111110010101110110001100011011011001
1101010010111101100000011101110010000101011001010000000101011010010011111001011111100010100100011011
0111011100100110111100010110110011111110100000001000110001100011111001101001001010001110111111111000
1011000100111011010000101001011011111010111100111110011011010100100101000101110111100010010110110101
1000011010111010111010110100111110101001000010110111110001011011111110100100001011000110111000100111
0000010110010101100111000000100010000110001000000000011000110110110111100111010001110001110000110000
1001001000111010100101101110111110101000001011101111010010101101010001010001111110000111110110100000
0100101101100010110010010010001110111110101111010110011011101111110110000000101010100000101111111110
0010011000101011100001001100111100010101000110110110100011001011000100101000010110100110001100011111
0001010100101110000100011110100111100101010001110001011000101101111011101010000011001100000100100100
1001100110010101100011011110100011011011110110111111001001110110111111111010010001100100100001000000
0001110100100000110101101010011010001001001001101011010111001001000011011100101101011100110110001110
0000011111000110101111000101100100000001110010111011011010000000111100100000110011011100011100110011
1101001100001101111101001000110011100010010001110100111110010111001100111011111000100110101110100111
1101011011000000001100101111110110100010000111111110011100101111111000011100000011010111010010001000
1111010100010111111111100111001101111110001010001010101101101101111110111101110110011111011010000111
1100010001011000100110111001000111001111001010101001100001111001010000011100111000010101000010111100
0010000100001001011110100000010110100000111000011100011000010101100001100011110111011011101100111010
1100000011110010010000100100100011100000100001111101000100011101111011110101111111010110010111100100
1101101101001101000101111100011111100111000011101100010010010111110000010110011000110111001100100101
0101000100010111110010101001010111110010110101101001001010001100100100001100011000110111100111011000
1101010110010010111111111100011110101101011011110100110010110111010011010101101110000011111101111110
1000010111111010001101111111110011100110110111100101001110110100010110110010111010010110011111101011
1110001001101100100010010010110101011001110100000100000110100001000110100010100011101100001010001000
1010011010010101100110001110001001000001001101101101010011110010001111100001010010100001001001110100
1010111011011011101001011010001111100100111001001000010101000001100011011110100001100010011010000011
0111111000111100110110001001011101000001000011000101001101110111100001111010101001000001101001001010
0111000000100011001011110110011001001100001001000010001101010111001010100001010011010011010110101010
1011101111011100011011010001110000000110100101000010100000010001111001110011111101001000100000011010
0100111111011101011000101101010010110110101010011000010011111100001110111100100110000100100001111101
0101010000011011000100111001000111000101010010000001100111001111100001111011000110100000110110111001
0011101011000111001010110110001011000111110111100000100000100110001100011110100011010100110000010001
1100101110110110111010100101010111010100011011101110111010001011010110100000100010110000100010010101
1000000011110101011101001110000010101101010111111011000010101100000011101100100011001101100001011101
1000011110011011001101010010011110000000001010000101111000100100000001001111010010010110001101110010
0001011001100001010100011000100111101111110010000101100111110010010111101111000110011110100110001100
1110110010111010101110110010101001010010110110111001001101010100010100010111011010001101111010001000
1001011111110101111110101001110100010000100011111010110111111100011110010110110001101001001000011111
0000101100010101001010111101100001100101101101110110000101001100111000101100101111010011001000101100
1111001101101000101111101101010010110011110110101101000010010100100000101111010010000000010100101101
1001001101011100011001110100110111000100100100010001001111110000011011100000100010111001000101010000
1111010001010101010101110001010011110101001000010010111000010111011111110001011111111101110100010001
0011001011110110000101110101011101111111011110111111101100010010110100111001101100101110100101101010
1011100010001101101111001000101101010000011010101000011100001011001110111101101010111010100011010111
0110000001010111010101010110000100010001000001011111001010101001100011000010001010101010111110010110
1101001001011010111001101011011010111111101011101101100110000001101001001010011100100010100111110001
1011110110100100000111111101101111011110111111110010111110111001011100000101111000100110111100000101
0001010010111001000010101011001110000111001111101101000100110110001000001001000010001100110010000011
0001101111110000101001100011011101111100111010011001000101101011010110001010100010100010010000101101
1000111001000001101010110100010100010001111000000010100000100110010111110101111011010111010111101001
1010111110110001000001001101010010010001100111010100100101111011000011010101110101000100110100011101
1011001111101011010011010010010101111000001110100000100010001010011111011011011100101001001011100110
0000101001110110000010111010011010000000001001001001001001001010001011010110100101011011100110001100
1000000001111011100111111011000011001111100110111001000000011011000000101011010011100000000010011110
1101000101111101010001111111111011010100000011100011100100011001010001111011010111010111101100000111
1100010101001100010001000111110011000111000011001100110000100011110001011111100010010101011100100100
0100010010100010000101100001110010100010100010100111110011101010010110110110010101000111010110001101
0111110001110100010101101011011010110111111110001101010001001101000100010010100111000000001010010011
1011111010011010101011101110000001111110110101000011101110011101011010110111110111000101110100011000
1100111110110111111111010110110111101110010010010101111001011000101111011001110111111110001100010100
1001110011001010111001010110111101111100111111011100110111010001000101100010001000010100001110011001
1100010101101100110101110111111111011000101100111000001111101101101100100011111000100101000010011011
0101001101001110100001110001011001010010011001011010011000000111101110010110100110010000001001111011
1010011111110000110000111010110111100000001111110011000110101100111001011011010110001100011110001000
1100101110010111100100110000011100111100110010010111001010100110011010100111101100001011110110000011
1001001010110000100100111101011101110000001010100101010111101000010000010000111011101011010001001110
0011101001010001100111111100010100011101111001111011011110110110111111001001001001110101011000000011
0010110110001010010000101100000110011011111101000111001000001100101101011011010111011011000001010011
0011011111001101001010110010001001010001010011011110100001000111011101111010110110011010010011000110
1110111111011101100001011101000000100110000001001000110110101001000110011000001111010011100101111011
0000011110111011101111100000100001110111010111000001010000111001001111010110101011011101101101111111
1110100110100001101010000010001101000110011010001110000100111100011111110100110010101010111000111010
0101011000101100101110000110011100010101000111011100001101010001010011011111011000001001111000010101
0110000100100001001001101111011100011100111001010011000011001110000110010100111001000000001001011111
0110101100100000111110100100011011110100001010101100000010010100101100111011111100100011000010111010
1011110000010001101110011110101010010001110011000101111111000110110101100011010011010011110111011010
1000110110110010000000000001110101111101000111100000101111111001111100101110110101010010010000000001
0110110010010111000110111000001101110101101001101011101101010011010100001100001111101100110111101110
1010101011001111001010010110110000000011110010000011011111110001000101101011010110100001101001010111
1110010011010100010111001100001101111000010000000110010011001001011110001000110001011100111001100101
1111000010100001110111010011100000010100010001000001011111110000100000100110111101111101000100000010
1010011110110100011110001111000110101101110011000010101110111011011010101011001111010100010001111101
1001101001101010100000010000111010010011111111101100011111001001101010111001101100001101010101110001
1010010001000011101110101100000001111111100010000000001111000001000000110011000100011111111010100000
0001100101110110101100101100011010011110000111110111011010111001101100111011000101011101010101100110
1110101000110000001000011010110111110110011000001110001011011100111111010001100001110111101100001000
1100000110100011011000110010001001100101001010110000101001110011000001001110011001100000100000111000
1011101000100000111000001000011100100000001100100100001100010000101100011000100101001000110111010011
0101011100110000011100100010011111100011011110100001001111000000100000110001100111001001100110101011
10
M 82 99 1
Q
Q
Q
M 86 89 0
M 12 76 1
Q
M 32 17 0
M 54 93 0
Q
4 4
0101
0010
0100
1111
7
Q
M 0 2 1
Q
M 2 2 0
Q
M 2 1 0
Q
72 90
001110011100100100111110001111001001001001010111011111010110101111100000010100111111111011
110010001110001000100101001011011000111001100111010011000100101011111101100010000101110101
000000100111110111000010011110111000100010100000011001010010110010001110110100010101101001
100010001001111101010111011000010111001011101011001111000010000010111000010100111111110100
010110010111111110111111100101010111110000010000100110011110010111011100011011100100111101
111110100000100110111100011000101110010000111111000101000111010100011110010011110011011101
010101111100110111111011101111100011010101001100000010100001000000011100010101011101100011
111000000001011110000110010110011000110110101011100111001110100010111111011001001011001110
010100111111011000100110110110101011111110100010001100100100011100010000110100011010111101
101000110001111010000010101110011001001110101111100011110001101010001111110001000011000011
000101011110111110110000011011110101100101111111101001001100101100010111110000000111111010
110111000100111100111000000000100001110010010001010101000111011110111101010101101011100100
011100101000110010001000000101110101000001100110010101010100100000101010100000100001010011
101100001010010100010101000110000011001100010001011001110000010110110001110001101110111010
001101000110110000000011011011100101110000010000101001010100101000011101011111000101110011
000010000101100100100101010100111010001101100010001100110011010110000000100000111000110000
011111100011100101001011011100110100101000011110100010000011110111011111101111100001101111
101001000000100110101110100100101101010111111011100101100001001000110001011001100111111010
100110011000000011101001100100001010010000011110111011111000100000100101010010100110001000
101011010111010100101001001011101011000101001100000011011001111101011110010011010101101100
000011111101100000010101000111101000001111010101010101011101011010001001111010101010000001
000010111001011010010001001100111010010000101110110101011000100000111010111010110001110101
011101101101101000100011111011101111110000000111010010010011110100101110111011000110000001
001010001000101010000110011001001011000011101010101011101000011011000010011001110000001000
011001000010100100110101011111100111111001011110100000000000101000101100110111111010101000
001110001000000101011001101100011100011000010101111000000010111010000001110011001110110100
010010101010010101010001001001001110110000101010001110111111100000110100001011100100011110
101011101001010010111001111000101010011000001011010111111010111001111011100000001101010100
000011101011001110110111111000100000101110101011101000110110111010110010100111001011111111
000110001011101000110001011111010110111000101100010000011000010010100001001010100101001110
110101011001010000110001011011000001110000010000100111110000111110111010101010000111111011
001001010100011001010101000000010011001100000011100011101110101011011010101101101001111101
001010000000101100001000100100001010101110000011000010110111000110000001010110101001010110
001100111010001100101100110010000000101111111010110111011011101110011000000010011111110000
100000010000001100100100110100101011101101011010111010011100001010010111001011100010100111
100000110000110111100010100101110000011100111100110000011111111111101101000110100010100010
011111100110110010011111101001000011110010010111000110011000010010001101110110110110000010
011111010010110011001101010001110111111100010010001110101100100111101011101001010010000011
111111001010010111100110110001000010001111010010011101111110000110011000100010110011010010
011111001100010100010000010010100101101100100001100011101010011010111001000111110010110110
011011110001011101001101000110101110100110001010000111100010011011100101110110010110111011
110110001010010101111011100010100011101111101100111100001110011101101111110000010011100000
000111111101100101011100111001110010101100100101101101001110110111010111001100101010001000
110000110001000001111111001110011010111100100111101100000000001011110010100101100011100000
011001100000110001010100000111101000000110110111101110101010011100111100000000111010111000
100010111010100000100111011110010100100010010101100010011011001110010010101001010101101100
011000110000111000010000011100111000101011101110111001101000110001100111111111111101110111
001110111111100110000010010010001001001011111001111100000110001100110100101010110101111111
011110110011000010111000101100001101001101001110011110000101011000010000111011000110001101
011010001110010010100000001011000100011001111111111001110000000100010011110101011110110101
000000100010110111010011011111010101010110000011111011000110100001000110001000100011010010
111111110011001010101010010000110111111011101011101111011101100010001111110101100111001010
010010001100001100110010001000110000011000110111100111000111010111000101111001110010000000
111011011111111001001001110001001011010010001110100011001101110100010110111110011000011100
101010101001000100000011000000001011110111011110001101110001110000011110000111101100100000
010000010110001010011001011100000110000101110100000111101101111101000111101011101010111010
010111000100010101110110011011100110100101101101101011000010100000011111000001000110101010
011110000001010010001000110101111111010100110100011001101010011111111110011100011101110111
000000111111100111101101111111011100100110111001001011000011101110010101000101110001000001
000001010011110001001001000011010101111010011011001101000110100110101111010101101001010100
110110111111100001100001010111111001001001100000000101011101110101110111111000110101011101
101111110110110111000001010111100000000100010110111100011101101110010110100000011111001000
110110000110011110101001000000010111010101111100111101010000110010011010010100000011101110
011100100111011011100001010010000100011110110000011110101001010100010101001111001110110111
000100111110100110100100111001010110100110110100100001000000111101000111110001000111111010
011010000010011100111010100110101101010100100101011001000111111111100100011111001001111101
101101100110000000110111110111110110110111001101100000110010110101001100110111100010100010
010011001000010111100101000100111000111110010111101000000101100001111101100101000001100000
111001001110111010000001100001100011010010010001011110111001110001011101011011001001100101
101111111001110100101010010100010000011100100001111101100111100111111010011001001101100010
101000010000111100100001001111011000100111110110001111000001100100101001111110001111100010
111010110110111011101101101100100110101001111111011010101110001010111100100011110010110010
6
M 39 49 1
Q
Q
M 46 4 1
M 16 68 0
M 32 66 1
75 79
1110011010000001011000100110011011100010111010110000101111001000111000000001001
0100001101110101100111110100101110100110011111010111001101101101010110100110101
1111000011011001010011111010010010101100100110110110111101110011000100001001110
1100100001001011110101111010011010010001000010011011011101001101011001001010101
0110101100010001110000010110010111011010100011100011101110001000110111011111010
0001000101011000101001001011110100111010010001011000110111000100111100101100110
1011000001110101000001011000101010001110010100101100101101000110011100010010101
1011001111000110111110111010001011010110100010111101001110001110100000110100011
0100110111000001011010110011011111100001010011010000100010100111101100101011001
1111010101100000001110100101111101100010111010101100111010011110000110011110100
1110011011001010101100111110101101101111101111110100100101100110011101100111011
1101010011000111011000100011111101110110110010100000100011010111110010110010110
0011011110101110111101110110111000010000100001010110100100000111011110101110000
0011100110001111010101110011101001011111111001000101011101001001011001101111110
0001100110111001010100101101001010001110110101011110001111101111001111001110000
0000110111110011101001101100011000111101111000001011110100011000101100000111011
0011000010111001101101110100000001101111001111110001000101011000111010001101100
1111000011001111001000100111000010100000011101100110101010101011011111001100100
1100111100110011000010010111100100001111010110001110000110011101101101111011001
1110011000011101011101011110111000100001110000000000010100000100001110100010101
1000111001110100010001100001100110000111110111001001000010110010111111111100110
0010000010010000000000110101100000000100000111001100110011101010011110000110000
1110111001011000100100001100111001110110010001000100011010010001110010100001110
0110110001101001101000000010011000101010001000101111010101010001100011110111110
1100111100001101010100111011010010010011101110101011111101001100100000000010011
0110101011100111110010011110010011010110010110010010111100111001010100110011101
1110010010010011010100100001110100011011111101111110011110111010010000110111011
0111000001101110011011010011100001101000100101000111101010100100101010011111100
0111110110010101010111010000100101101000000001111000010111000101000001000110110
0000100001110101110111110001001110101011111101100000101010111110110110011110111
0000000101010011010100000000000100111001111011010011100110001100001010011011000
1001101100001011111101010011100000111111010001001000100110010010101010000101101
1001101100111001101000100110000010101110010000100011001101111111011000010000111
0001111001001000000001111000111010000110100000111001111110011010011010110001010
0000000010010010111010001011101110100000110111011001100111010000000111000100101
1100010010000110001010101101111010100101110001110100011011001011001100100011010
1111010100010110000000101010111010000101011100101000000010000110011110011000101
1001010001110110111000100010000110111000100110011010111101001101101101000100011
0011110110100011011001111100110100111000011110100011100101010111101101010110101
0001010000111010000011111000000111101001001111000010111001011100000000010000011
0010110010111000101111000011111011110010001010101001000111111000100000010000111
0000110110010111101001101111111010011101011011110101011101110110000011101111011
0110110101110111010011001010010010010010110111111101111111011011111000010110010
0101101001011111010001100100010010010011001010101010110000111001000110000000100
1000001110001000111011111001001011001111000101001010111100000110000100001100010
0000011001010111010011100000100010110011100001111000110001100111001111010101101
1010001001100111001011110110111100100011011011001001001111111100100110101101001
0100101101000010110110110000010101100111110011011111001110101000001000010010101
1000000110000001110111000001110011100100001110101001010110110010010000111000000
0111111010001001101110110100001011010000111010001011100100011001100011101110010
1011011100011011000110001010011100000001001011011011100101011101010110001010100
1111101111111101110111100001001001101110110100000100001100101010011000100110010
1000100111101010001010000001100110101001011011000010111100011000001011101111100
0011011011010001111010010010010001011101110000100101011111110011001111110011111
1101101110111111111110101101101111001011110100100000101111010000110010111000101
1001000001101100101000110011110101110011111110110111101101101001011111011000100
1000100111111001011011100011001100001100100101010110011110111110001111010101001
0000100111010111110110100110101100101000101100100111110110110101000000100001111
0110111011001010110101000100000110110010001100010111110011001110111001001010110
0101101001111101000110010001100001101101000011001100111001000101001100111000000
1000000100001110101110111011011110100011100110111100000000111101101011111001011
1101001010011001011011001011110110101011100100101011100111011011101101011110101
1011011111111001001100000010010001001000000101101000010111001011110110001000011
0010101001011101101001100010000111101100011000010001100101000011010000010000100
0011010000101011011110000001011000000110111111001101001010001000110100000001100
1001000101100010111100111010001101100001101001101111011000100001100001101100101
0010110101010101101011011000110000110110000100000110000101000011000100111100011
1011110101111000111000010001000000011000101000000100110011100011010101101101011
0101110000111000001101111100010110100000100111001011110110011010111111010110000
1000001100001110111111010101100011010000000001000010101000011100010111000100011
1110010000100101000111001110011000000101011011010010001101000011100001100010000
0101100101010011110000111011110010101000001011011111111000010110011111100101111
0100000101000000011111101101001110011000011001001001101100111011100111111001000
0111101001001101100000011110000000010101110111111100110100111011101100100010111
1101100100100101001010010011111100110011100100111100100000111100000111000100100
3
M 23 72 1
M 60 68 0
Q
99 6
111111
110100
101010
110100
101000
100101
101101
110100
010110
111101
100001
001111
111001
011101
011010
000101
011001
111100
011010
100011
010111
110101
100010
101111
011000
010111
101010
000110
110111
100110
001111
111110
101111
011111
000100
000100
111001
100100
010000
011011
010111
110101
100001
000101
110100
111001
110001
001000
110001
101001
111110
110010
101110
111010
011100
011111
011111
011010
000011
110101
101101
010011
111110
000010
000100
101010
110111
111001
111001
000101
111111
110110
101010
101111
110110
010000
101001
111001
100100
110011
101100
001011
111100
100001
000110
100101
010110
111110
011011
000001
100011
001100
110110
011101
100100
111011
001100
110110
010101
9
Q
Q
M 38 4 1
Q
M 16 3 1
Q
M 48 0 0
Q
M 90 4 0
62 62
11010001011010111111001111001111111001011101000111101100110000
00010111101011001001101101000100010100011101110101111110101111
01110001011011011010010110110110100000000011101100001100101011
00111000110110101010101001001010110011010111000010011011000101
01110111001101110000111111000000000110100100111100000001010001
11100010111000100001110011110010101010110011111010010101000101
10010010101011010011011000101001000010001111111110111001001001
11001100000100001010001110110010010001100010000110010010011110
01100101111101011111101101000010000111010110100101000001100011
00001010101111110011000110011110000100001000101011000011001001
00010001110110001111011100011010111000001001110010110110010000
00100000000101111101101011001110101000101100100110101111001001
01100100110100001111011000111100110001101000001001010110000101
10000100110101100010100101010110111011011100101111011110010110
00001000100001101000000110100000110110101010101111011011101100
00111101010000010010011000000100000000000111101110000110011010
10111000111100000111011100101110100111111100000100011010100001
10101011111011000101000100010110100110110010100001011110110010
00110101011011100101001111001110000001011011010010001100001000
10101110110110111000011101001100001000000111010011001100011000
00101010010010001000100110001110001110000010010111001100001111
00010001000100110101011101101101100001111011101101111000000110
11110000001100110110010101000000000101111111001100111010011100
00011111111011100110111100111100011101100010001101000111111111
01101000011111001111101001111000011111100000101001000000110100
01011000011111011000000110010111111011110100010100111001111010
10011010101010011001100010010001000110110100001010010110101100
01110010001010101000011001000101110000111100111110110100110001
10100100101101111000010010000100110101111010010101000100101000
00011011010100110111011000101011111001100001110011001110011001
01100100001110101001101010001010111111000110011010011111101001
10110001101010000011101000010101010001010011010110110001101001
10100010001010100100111011101000001101011101000001001100011000
10010100110000011000100111110110101100001110011000111010100001
01011100000101101010110100001101110110001100001001100001110101
10111110100000101010111011110010000011110001001000100000100111
10001001111000001110001001010100011010110101010101001100100001
10010000100000100011111100001001010111100000101101101001101101
11101011111100110010100111101110101110010011111011011101101100
11110001100000101110110001010111110011010001101010111110000100
01111100011100100101101010101000001000010101011110101111111000
10110001101001110100011111110011000101100100101100000101100110
11000011011101001001101011100000010000010010110001010000110011
10110101111001110001010000101100010011000000100001000110110100
10001100010000101000111101010110001011011101000010010001100000
00101001011011100111001010101000000010010100000010110100001010
00010000101011001001010101010100010110011111001010010111111001
10011000001001111000000000011000100101010010110101010110001100
00000100111111001000001110000110001000101011010101001010011101
10011100001100110010000111010110000100001010010001100100001100
10100011010011000101011001111001101001110000111101011101001100
10111001011000010001011111111001101000110100101010100010010010
01001011110110011010000001000011101111101000110010110011100000
10111001111010111101001001001110110101101000100100010010101101
10100101110000011000011011110010001101011110100111000001101001
11000001000011110111100000110110110101011001011111010101111011
00110110110110101001010000001010000100101111111100101010001001
11101000100110010101010101000110110101011101110001001100111111
11101110111001000111101010011001011111110101000111110000010101
10110101010010111110001111011001110101111101101111000111101110
11101011010110101100100101101011011011001110111010011010001011
00011010010000000111100111100100000010100110001001000011010110
5
Q
M 45 34 1
Q
Q
Q
73 66
111101001001000000101101011101000110101001010101100100011110000110
001111101010011010110010100000101001100000100110110000010111111100
110111010100111011000101011011111010000011000000111001011101110100
010000010011110001001001110010110100011101001110111101111001011110
100110101000100000010001110101000000111100100101011110111010001001
000111111110001001001001111100100000100001110101010001101001100001
101110111001011100110011000111101101110101110010111000101000101011
011101000110001111011111010100101110001111000011011110101010011011
111011001011011011111111001100010000011000010010100100100001111010
101000001011110111110010111110110101000011111000101011111101101001
110010011010101111101010011010011101110111010001010101011101001000
110110101110100101111101010010110110101101001000101110000000100011
110011011000100110000011111111111011101101001101001111110110101011
010111100100001010100011010000010010001111000101000001110001001100
011101111100101010001110001010011110101101001110001010001001011011
000001011111111111001110101101010100010011011001110110000011101110
100111110111110110011101110100110010001001011101000101111101100011
010001000001110110000110111001010011000101101110001001101100010001
101001001100000111100000110110111110001011101001110000110111011001
001001100100100101011011010111101000000001110001111100000100111100
100110000111111001111010100011000110001000011100100110001111100111
110101111110000100011100100010000110010011010111010111011000100110
000100111010110010000010011101101010010010010000101010011010110110
110000101011100000110100001101011001010011000111001110101111101010
000110101101111100010110110100010010100001100101111010010110010001
100000101000001111000111101010001011110101110110010100111110000111
111000001100011101111111011000000010110110011000000101111000110000
100101011011110111100111101001000110111101111111010000100100101111
011001001101110111111000111110001101111111101000000010100010000011
010110110011011000111001100011111011110000110111111101110110101111
100001100110010101101001101001011100001100000111110000010001111000
011111100001101001011010111100101111010101100001010100010000001010
010101111000100010100101010100011111110100010101001111100000011110
011011101101110100101111001110110000100101100111010101111010101001
100001110111110111000110010001010100010110100101111000100101101001
011101110101000111001100011001011000000100000000000001001011001111
110011100011000100111011000001000111001111101100100110101111110100
111111100101001001110111111010100101000110001011111000000111010000
110000111110010001100100100100100110110100011010010101011011110000
101110111101101001100101010101111101101110110011010000010111010001
011110000101010111101010000110111110101100111011011001110101010100
000011001110110011000000010011000001100100111011110100000101111111
110001101001111011100110000001001111100101101001011001000001010110
100001101110011000000011001100001110110001011000101011001100101100
101101101011010000110001110001100011111011010011100011110011010000
011101101010111110001111010101011010001111000100011100110011001000
011010011101101000100010010011000011111100101010111100110010101010
000011010001111001111010011000011101010111110000011111001010000110
101011011111101101010000010111010000000110110110100000010011110010
001111111000101101011001100100010101100011100001001010110001100001
001001001011010100001010011100010001011101011100111100010101101001
110011110101001110011110110001000100001100001001001001110001101010
101101010111100010100101000011111100111010100100000111110000100111
000000001101101001101110000000101010000011010001110111000101000110
010100000111111111111010111100010001100101111010111110010111000111
001101101011010010111011101011100111111011000100100100100100001001
001011111010101000001110011100100011101100011100001100000100111001
000010100100000100101000000011010010011101010101000011110101101011
101000010000001011001000001111101010110101010010100100100100001011
111000111001000100110111100111111001011000101001101100101101110001
001011110001110110100101001101110000010000000110111001000101110001
001111001011010001010010110011000110101100110011111000100011110110
010111010110110001111111011011111110100101011110001011000110010110
100101100100111111010011001101111010011101111101011011100000011110
011100101100010000111101111011010011010001110010010011010010000110
101011000010100010001111011110110110001100001110100101001000011111
000101110101000100011011101100100000000011011110101111011010111111
010101010001100011000001101101001100111110111001100011011000111000
101101001111000010001001101011111110110000011001101011001111101110
111110110000100011110111100100101011111110000101011011001100001001
100110100001111100011010111001100000101100101010100001001010011111
101000000010010111000001011100101100111010010101110101101000001010
110010101000111000011110011011110100001000000111111110100000011100
8
M 46 56 1
M 61 59 0
Q
M 70 24 0
M 58 4 1
Q
Q
Q
74 50
00111110100011011000000110010111000000101110100000
11111110111100110010111011001111111000101111111001
01000011001010111000110010010001110101110010110100
01100100010100110111110110111101000110101000010111
10110101110010011000001011010110110110110010000000
01101001011011001100011011011100011001011101111000
11110111110101101000010101000100101001110011010000
01101000000111001001010010011111010011001001010001
01010010110110110101001100010101010000100101010101
11111110111100111101111000110000011010001010011011
11011001010100000001011010000010111100100010101001
10110110010100100010111001101010110110100010100010
10011110100110101001011111110011101011111001000011
00111111011111011101100000011110000011111011101111
10011100011000001101101111111010010011001001100110
00000010010100100001110010101000110000101100011111
00111100001000011100000001000100110010110011101111
00010001110111111100011011100100010101110110110001
11111011101011110101110101110100010100010101101100
01101010110001111011011011011111110001100100100000
01001001100100101000000111100011111110110011011100
00101101000100100101110100000010111111101001011010
00000110101011111110101011110111000011110110111101
00110110100110001101110110010110010110110100011001
10101101100010000011111010100000110101000110000001
00100010101100110001101011100101110001100000111000
00101100110110111010101111110000011011111011111001
11111100011000011110011000111010110100010101010100
01011001010000011101001110101010110100110101010101
11001000100110010100110101011111011000010001001100
00011101011010100011011000100101010100110010111100
10011101110001101111100111001111011001101110001101
11010000101100010110011111011111100011010110100110
00011010001111111010011101111111001001001010100110
11011100010111101100011101010101101101011101101100
11101000010010101000001110110011111101100101000100
11110100100000011011101001001111010101010101111100
10000111011000111110111001011110111011011110110111
01000101100011100010001011111111010110010100101110
11110010001100101011100110100010010111101100011010
10101111000100100111011001011001000110110110011001
01001011011110110101101110100001101011001010010010
00101100111101000000011001000111011010011010101110
00010011101101100011011111011100000110001100111000
11101111111000001010110110101000101001000001011101
11001001010001000110001111111111001110100101110111
10001011011001101011010110110011100110010001010100
01010000011010000010001001011110010001001001111101
10001100011110101011010101101100011001001011100110
11111011111100110111110010101011000010100100000100
11011001001110000010101001111100000001011111001110
01110011100011001011111101111101111101001101110010
11010011100001011000001001010010011101011100100100
11111010101101101110111101001010110100100010011001
00100100011101111110111101000110011011111011000100
00000100100110101000011011101000110011100101000111
00011011010110100011111011101110000111000100011011
01011010111110010110101110101110000011011001011011
11011001010001100100101011110100011010100010011101
01010110100010111001100110010010010111110011101111
00000010110000010010110110001000111110000011101100
00010110010111110001111111111011100100010100111010
11111101010011001111000110110010011100100110100010
10011011110001001111001010010011100101111000010011
11010111011001100100100011011111100010101110101100
01110000000010000010010101010010011100001110110010
10100001100110110100010100101100001111010100001011
11101110000111011010100000101101111011100001011101
01101000001011011011110010000100100001111101011010
01100111011111100011001100011001100011101011111010
00001000000100101000000010010001101010100011110000
11110010001000101001111001010111011001100110000010
10111010110000101011101111000101001011100001000000
00101010100001100110101000001111011001110001101111
5
M 26 27 0
Q
M 7 16 0
M 49 17 0
Q
7 71
00101001011111010000100101010001010100111000100010111001011100101110011
01000001010101000000101100001101100111101100110011000011110100101001011
11111101100000100001111001001111101110011110011101101000010011011001110
01011001110101011000000110111110000001001000110100100000100111000110010
10110110100001010010011001101111110010110010101000110011000110101011100
11011011101000000101100101000100000111111110110001110001111000011011010
00111011111011011111000001100010000010000110100011000010010001110001010
2
Q
Q
30 37
1011111001010011110100111001000010101
0101100011010111111001110000010001001
1011001101000111100110111111001110101
0001110100110011101100011010110010011
1000001001110101001000011111001010011
1110010010010101000000100101000000101
0110010001010111100101010001011011011
1111100001001111110001101011111110000
1100010111111011101011010110000000101
1011001000101110111101010101011000101
0001110101111100010100010001110011000
1011101010110101101101100001110011010
0100010001111101001111001100001111101
1001001000110001011110101001111100001
0011010111100111011101111100001111001
1110100111011000001100011111011110011
1001100111111111101101110010001011101
0010001101110110110110000111101010011
0111100001010010110010100001110101110
0011110100111110110011110110111110111
1110010011001001001100101100011000010
0010000001111101011110001000010111100
0110100010100100010011011011000001110
1011000100011110010110110001100101010
1101101100011111111101101011011100101
1001000000110101111001001010000100111
0111111101010100010101111100010110110
0100001110010101011101001000010011010
0100101101101111011101110010000001101
1101110100001001100101110011001010101
10
M 13 10 0
Q
M 20 16 1
Q
M 10 13 0
Q
M 20 0 0
M 20 23 1
M 19 20 0
M 16 30 0
