Case #1:
7
7
7
7
6
6
6
6
6
5
4
4
4
4
4
4
4
4
4
4
4
4
4
4
4
4
4
4
4
4
4
4
4
4
4
3
3
3
3
3
3
4
5
8
8
8
9
9
9
9
9
9
9
9
9
7
7
7
6
6
7
7
7
7
7
8
8
8
8
8
8
8
8
8
8
8
8
8
8
8
8
8
8
8
8
8
8
8
8
8
8
8
8
8
8
8
8
8
9
9
9
10
10
10
10
10
10
10
10
10
10
9
9
8
8
8
8
8
8
8
8
8
8
8
8
7
7
7
7
7
7
7
7
7
6
6
6
6
6
6
6
6
6
6
6
6
6
6
6
6
6
6
6
6
6
6
4
4
4
4
4
4
4
4
4
4
4
4
4
4
4
4
4
4
5
5
5
5
5
5
5
5
5
5
5
5
5
5
5
5
5
5
5
5
5
5
5
5
5
5
5
5
5
5
5
5
5
5
5
5
5
5
5
5
5
5
5
5
5
5
5
5
5
5
5
5
6
6
6
6
6
6
6
6
6
6
6
6
6
6
6
6
6
6
6
6
6
6
6
6
6
6
6
6
6
6
6
6
6
6
6
6
6
6
6
6
6
6
6
6
6
6
6
7
7
7
7
7
7
7
7
7
7
7
7
7
7
7
7
7
7
7
7
7
7
7
7
7
7
7
7
7
7
7
7
7
7
7
7
7
7
7
7
7
7
7
7
7
7
7
7
7
7
7
7
7
7
7
7
7
7
7
7
7
7
7
7
7
7
7
7
7
7
7
7
7
7
7
7
7
7
7
7
7
7
7
7
7
7
7
7
7
7
7
7
7
7
7
7
7
7
7
7
7
7
7
7
7
7
7
7
7
7
7
7
7
7
7
7
7
7
7
7
7
7
7
7
7
7
7
7
7
7
7
7
7
7
7
7
7
7
7
7
7
7
7
7
7
7
7
7
7
7
7
7
7
7
7
7
7
7
7
7
7
7
7
7
7
7
7
7
7
7
7
7
7
7
7
7
7
7
7
7
7
7
7
7
7
7
7
7
7
7
7
7
7
7
7
7
7
7
7
7
7
7
7
7
7
7
7
7
7
7
7
7
7
7
7
7
7
7
7
7
7
7
7
7
7
7
7
7
7
7
7
7
7
7
7
7
7
7
Case #2:
4
2
2
2
Case #3:
141
141
140
139
140
140
140
140
139
139
140
142
142
142
142
143
143
143
141
141
140
140
140
139
139
139
139
139
139
140
140
140
141
141
141
141
141
146
144
144
144
144
144
144
144
144
144
141
141
141
140
140
140
140
140
139
139
139
139
139
139
141
142
143
144
145
145
145
145
145
145
145
145
145
145
145
144
144
144
144
144
144
144
142
142
142
142
142
142
142
142
142
142
143
143
141
141
141
140
137
137
135
135
135
135
130
130
130
130
130
130
129
129
129
130
130
130
130
130
130
130
130
130
130
130
130
130
131
131
131
130
131
131
131
131
131
131
131
129
129
129
131
131
131
132
132
133
133
133
133
133
133
132
132
132
133
133
133
135
136
137
138
138
135
135
135
133
133
133
133
135
135
135
133
133
133
133
133
133
134
134
134
134
134
133
133
132
133
133
133
136
136
137
137
137
137
137
137
137
137
137
137
137
137
137
137
136
134
137
137
138
138
138
140
140
140
140
141
142
143
142
142
142
143
143
143
143
143
143
143
143
143
143
143
143
141
141
141
141
141
141
141
141
141
140
141
140
140
140
140
140
138
138
138
138
137
137
137
137
137
137
139
139
139
138
138
138
138
138
138
137
137
138
138
138
138
138
139
139
138
138
137
137
137
137
140
140
140
139
139
139
138
138
139
139
138
138
138
138
138
138
138
138
138
137
139
139
139
141
141
141
141
142
140
140
140
139
143
142
142
142
142
142
141
140
139
139
140
140
140
142
142
141
141
139
139
138
138
138
138
138
138
138
137
137
137
137
137
137
138
138
137
137
136
136
Case #4:
337
336
336
336
336
336
337
339
339
340
339
339
339
341
341
341
341
341
341
341
342
342
342
342
342
342
342
341
342
342
342
343
343
341
341
341
341
341
341
341
341
341
341
341
341
341
341
340
340
340
340
340
340
340
340
341
342
343
343
343
339
338
338
336
336
336
338
338
Case #5:
29
29
29
29
29
Case #6:
89
89
89
88
88
88
87
87
87
87
89
89
89
88
88
88
88
88
88
85
85
85
85
85
84
84
85
85
85
86
86
86
85
84
85
84
83
83
85
85
85
85
86
86
86
85
85
85
85
85
85
85
86
86
86
85
83
83
83
85
85
85
86
86
86
86
87
87
87
87
89
89
89
89
89
88
87
88
87
88
88
87
87
82
82
84
84
82
81
81
81
82
82
82
82
83
83
82
82
82
82
82
82
82
82
83
82
82
81
81
80
80
80
80
80
79
79
Case #7:
445
444
444
441
441
441
441
440
442
441
441
441
442
442
445
445
445
445
445
446
446
445
444
444
444
444
444
444
444
444
444
442
442
442
442
442
442
442
442
442
448
447
445
445
445
445
444
444
444
444
444
448
450
450
450
450
450
450
450
450
450
450
449
448
449
449
449
450
450
451
451
451
452
455
456
456
456
456
456
456
454
455
455
456
455
455
455
455
453
453
454
454
454
454
454
454
454
454
454
453
453
453
453
453
450
450
449
449
449
449
449
449
449
449
449
449
449
449
449
449
449
449
450
450
449
449
450
450
450
451
451
451
451
451
449
448
448
445
447
447
447
447
447
447
448
448
448
450
450
450
450
450
450
450
450
451
451
451
451
451
451
451
451
451
452
452
448
448
447
447
447
447
447
446
445
444
445
445
445
444
445
444
444
444
445
446
446
447
448
448
447
447
447
446
446
445
444
444
444
443
444
444
444
444
445
445
445
445
445
445
446
446
446
446
446
446
446
445
445
446
447
446
446
446
446
446
445
445
445
443
443
443
443
443
442
442
442
443
443
443
443
443
440
440
439
440
440
440
440
440
439
439
439
439
438
438
438
436
436
437
437
434
434
435
433
433
433
433
433
433
433
433
433
433
434
434
434
434
434
434
435
435
432
432
430
429
429
429
429
430
428
428
428
427
427
427
427
Case #8:
78
79
81
81
81
83
83
83
83
83
81
78
78
78
78
78
78
78
78
78
78
78
78
78
78
78
78
78
78
77
78
78
77
77
77
77
77
77
77
76
77
77
77
77
77
78
78
78
78
78
78
78
78
78
79
79
79
78
79
79
81
81
81
81
81
81
80
80
81
81
81
79
79
79
79
79
79
79
78
78
78
79
79
79
79
81
81
81
81
81
81
81
82
83
83
83
83
83
84
83
84
84
84
82
82
82
81
83
83
83
83
83
83
81
81
80
Case #9:
187
188
189
189
189
189
188
188
189
188
188
188
188
188
188
188
188
188
188
187
187
187
187
187
187
186
184
182
182
182
182
182
182
182
182
182
182
181
181
180
181
181
181
182
182
182
182
182
181
181
181
177
177
175
175
175
177
177
177
177
177
178
178
178
178
178
178
178
178
179
179
179
179
179
179
180
180
181
181
181
181
181
181
181
181
181
181
181
181
181
181
181
181
181
180
180
180
180
180
180
180
181
181
179
179
179
179
177
177
177
178
177
177
175
176
176
176
176
176
176
176
174
174
174
174
175
176
178
176
176
176
177
177
177
176
176
176
177
177
176
176
175
176
176
177
176
175
175
175
175
175
175
175
176
176
176
176
177
177
177
177
176
175
175
175
175
175
175
176
176
177
177
178
178
177
178
178
177
177
178
178
179
178
178
182
182
182
183
183
183
183
183
182
182
182
183
183
183
183
183
182
182
182
182
182
182
182
182
179
179
177
177
176
176
176
175
175
173
173
174
174
174
174
174
174
173
173
173
172
173
173
173
173
173
173
173
173
173
173
173
173
173
172
171
171
172
171
171
171
172
172
172
171
172
172
172
173
172
172
172
172
173
173
173
173
172
172
174
174
174
174
174
173
172
173
173
173
173
174
174
173
173
173
173
174
174
175
175
175
175
175
172
172
172
172
172
172
172
175
175
175
177
177
177
177
177
179
180
177
177
177
177
176
174
174
174
174
174
173
173
173
173
173
173
173
173
173
173
173
173
173
173
173
173
173
173
174
174
172
172
172
173
173
173
173
173
174
173
173
173
170
168
168
169
170
170
170
170
170
170
172
172
172
171
171
171
171
171
171
172
172
174
174
174
174
174
174
174
174
174
174
176
176
176
176
176
176
175
175
175
175
175
174
172
172
172
172
172
172
172
175
174
174
174
172
172
172
172
172
171
171
171
171
170
170
170
170
170
170
173
175
176
175
177
176
176
176
176
175
175
175
175
175
175
175
175
175
176
Case #10:
738
733
733
733
733
733
733
733
733
733
733
733
733
733
733
732
733
733
731
731
731
728
728
728
728
728
729
729
729
729
729
729
729
729
728
728
729
729
731
731
731
731
731
731
729
730
731
731
730
729
729
728
729
729
729
729
728
728
728
728
728
728
728
726
726
727
727
727
727
727
727
728
728
728
726
726
726
725
724
724
724
725
725
725
725
725
725
725
725
725
725
725
727
727
727
727
727
727
727
727
727
729
729
729
729
730
730
730
730
730
730
730
730
730
730
730
730
729
729
729
729
729
729
729
730
730
730
729
729
729
731
731
734
733
732
732
732
732
733
733
733
734
734
734
734
734
734
734
734
736
737
737
738
738
738
738
738
737
737
737
737
737
736
738
741
741
741
741
741
742
743
743
743
743
744
744
743
743
743
743
743
743
743
743
744
742
742
744
743
742
742
740
740
740
739
739
739
739
739
740
740
740
740
740
740
740
739
739
739
739
739
739
738
734
734
734
735
735
735
732
732
732
732
732
732
732
733
733
735
735
735
735
735
735
736
737
736
736
737
737
737
737
737
737
737
737
740
740
739
739
739
739
739
741
740
740
740
740
740
740
741
743
743
741
741
741
739
739
738
738
739
739
736
732
732
731
731
731
731
730
731
731
731
731
731
731
730
730
730
731
731
732
733
733
733
731
731
730
730
729
729
730
730
730
728
728
728
730
730
730
731
731
729
730
732
734
734
734
734
735
735
735
735
735
735
733
733
733
733
733
732
733
734
733
733
732
732
732
732
732
733
733
733
733
733
733
733
733
735
735
735
735
735
735
736
736
733
730
729
729
729
729
729
729
729
729
729
728
730
731
731
731
731
731
731
731
731
732
732
731
731
731
731
730
730
730
730
730
729
729
729
733
733
733
733
733
733
733
733
734
733
733
733
732
733
733
733
733
733
733
732
732
732
733
733
732
732
732
733
733
733
734
734
734
734
734
734
734
734
734
734
734
735
734
733
733
733
733
733
735
735
735
735
734
734
734
734
734
734
733
734
732
732
732
732
734
735
735
735
735
735
735
736
