50
10
4 37
10 83
21 168
30 234
35 274
56 440
57 442
73 570
76 591
96 745
10
21 321
34 510
38 578
43 642
52 784
72 1084
83 1243
89 1332
96 1437
100 1489
10
5 38
18 122
24 165
49 328
62 411
66 439
67 445
67 450
78 521
100 662
10
5 47
9 80
26 216
53 432
53 435
72 589
74 601
76 617
80 653
84 684
10
6 13
7 15
21 41
27 52
34 66
50 97
66 127
76 146
90 173
91 174
10
45 826
46 844
49 897
51 935
62 1121
65 1186
74 1351
78 1427
92 1678
100 1807
10
15 292
20 397
28 544
32 626
49 957
58 1117
66 1281
67 1299
87 1685
88 1701
10
6 67
14 157
19 213
49 557
60 670
65 731
67 753
73 822
85 955
95 1066
10
0 4
15 276
32 562
48 837
59 1042
59 1045
65 1147
67 1171
86 1500
99 1727
10
0 6
11 123
11 132
21 242
23 262
47 520
47 523
79 873
83 917
100 1102
10
20 159
28 222
41 320
45 352
45 356
57 445
63 490
80 625
81 633
100 775
10
21 171
28 226
29 235
36 292
44 359
62 501
75 600
80 645
95 762
100 799
10
7 135
29 535
33 606
37 676
42 763
57 1033
58 1052
59 1079
60 1100
78 1429
10
7 78
10 107
19 196
34 356
35 365
76 784
84 863
85 872
85 876
100 1022
10
12 42
12 43
20 70
32 114
33 116
53 184
65 227
65 229
69 242
93 325
10
11 155
17 227
20 265
22 290
22 291
45 592
48 624
90 1170
91 1185
100 1292
10
1 23
11 139
21 252
34 408
40 470
52 608
60 708
69 808
82 965
100 1167
10
6 94
29 462
35 553
53 832
60 933
60 937
61 948
71 1104
84 1306
100 1547
10
25 363
47 678
59 846
67 962
75 1076
75 1085
75 1089
91 1314
94 1354
100 1433
10
2 39
23 370
40 644
42 662
62 979
68 1080
72 1146
73 1154
93 1481
100 1576
10
9 82
11 108
18 163
18 164
18 171
24 225
42 384
66 598
83 752
100 905
10
9 161
43 749
45 796
60 1044
66 1150
67 1166
77 1353
87 1526
92 1602
100 1736
10
2 3
14 16
19 22
23 26
46 53
49 56
56 64
78 89
80 91
95 108
10
4 71
4 77
17 300
20 345
43 748
47 814
68 1178
74 1280
85 1470
100 1721
10
5 25
10 45
20 92
47 211
55 245
61 270
65 289
69 307
95 421
100 442
100
0 6
1 24
1 24
1 31
2 45
3 50
4 74
4 76
5 85
5 86
5 87
5 91
5 92
6 97
6 105
6 109
7 125
8 142
8 142
9 145
9 159
10 161
10 170
10 174
12 204
13 216
16 271
17 278
17 284
19 305
20 324
20 325
20 332
22 352
25 405
27 432
27 442
29 470
30 481
30 488
31 504
31 505
32 527
33 537
34 545
34 550
34 553
36 584
37 601
37 604
38 611
38 621
40 641
40 642
40 648
41 665
42 679
42 683
43 703
45 727
46 739
47 754
47 755
48 783
49 794
50 800
52 842
53 849
53 851
53 860
54 878
55 889
59 955
62 993
62 997
63 1012
63 1015
66 1066
67 1073
68 1098
70 1135
73 1180
74 1187
76 1216
79 1268
79 1274
80 1289
81 1304
83 1342
86 1377
87 1399
88 1408
89 1431
90 1452
91 1459
92 1476
94 1519
95 1521
98 1582
99 1595
100
0 0
0 0
0 0
0 0
2 1
2 1
2 1
4 2
6 3
6 3
8 4
8 4
8 4
8 4
10 5
13 6
15 7
15 7
19 9
19 9
19 9
21 10
23 11
26 12
26 12
26 12
26 12
28 13
30 14
30 14
30 14
30 14
32 15
34 16
34 16
34 16
36 17
39 18
41 19
41 19
43 20
43 20
43 20
43 20
43 20
45 21
47 22
50 23
50 23
50 23
50 23
50 23
52 24
54 25
54 25
54 25
54 25
56 26
56 26
58 27
58 27
63 29
63 29
63 29
63 29
63 29
67 31
67 31
69 32
71 33
73 34
73 34
73 34
73 34
76 35
76 35
76 35
78 36
82 38
82 38
82 38
82 38
82 38
84 39
86 40
89 41
89 41
89 41
91 42
91 42
93 43
93 43
95 44
97 45
97 45
97 45
97 45
100 46
100 46
100 46
100
0 3
2 53
3 62
4 95
9 185
9 190
11 213
11 228
14 274
15 294
15 304
16 312
17 336
18 363
19 370
20 385
21 416
21 417
21 418
24 474
25 481
25 485
25 487
28 542
28 554
30 584
32 626
32 628
33 653
34 658
34 667
35 686
37 731
38 732
38 747
39 762
39 764
39 765
40 777
40 781
40 783
40 788
41 793
41 793
41 805
41 807
43 829
44 854
44 856
47 917
47 923
48 933
48 935
49 946
49 954
50 971
51 993
55 1074
56 1078
56 1085
57 1102
57 1115
58 1125
59 1136
59 1146
59 1146
62 1196
65 1252
65 1257
66 1280
66 1280
67 1306
68 1325
70 1362
72 1402
72 1402
73 1418
74 1434
77 1488
78 1516
79 1526
80 1543
80 1551
81 1577
83 1598
85 1636
86 1663
88 1709
89 1728
90 1732
91 1757
91 1761
91 1762
91 1768
92 1778
92 1789
93 1806
95 1843
95 1847
97 1873
100
1 20
1 21
2 35
3 53
6 90
6 91
7 107
7 107
7 112
8 114
8 126
8 126
10 141
11 160
11 166
11 168
12 175
17 251
18 267
20 294
21 301
24 346
24 350
27 380
29 415
35 505
36 507
36 509
37 521
37 527
37 529
38 540
39 556
39 560
40 574
40 576
41 577
43 609
43 609
43 613
43 617
44 621
44 631
46 651
47 667
47 672
52 733
52 739
52 741
53 751
54 766
56 799
56 801
57 815
63 898
64 903
64 911
66 932
67 944
67 952
70 996
71 1000
73 1034
74 1044
74 1047
75 1066
75 1067
76 1069
76 1074
76 1077
78 1102
78 1102
81 1151
82 1155
82 1165
83 1167
83 1171
83 1180
83 1180
86 1210
86 1211
87 1233
87 1237
88 1244
88 1245
90 1279
91 1287
92 1299
92 1299
92 1301
92 1307
93 1316
94 1327
95 1341
97 1367
97 1368
98 1380
98 1382
98 1385
100 1406
100
0 0
2 37
2 44
2 52
3 63
3 64
4 81
5 92
6 113
7 132
8 145
8 146
11 198
11 206
12 226
13 237
13 237
13 237
13 247
14 252
14 265
16 300
17 318
18 324
18 330
18 332
19 344
19 348
20 377
22 407
23 420
24 433
24 439
24 447
26 467
26 468
29 522
31 562
32 581
32 586
33 597
34 623
36 664
37 666
37 678
37 679
38 687
38 695
38 698
39 710
39 711
40 724
41 740
42 763
42 765
43 780
43 782
44 807
45 824
47 849
48 876
51 931
52 934
56 1019
57 1027
58 1049
58 1055
58 1059
59 1075
60 1081
61 1102
62 1128
64 1164
65 1184
68 1232
69 1240
69 1252
71 1288
76 1372
76 1373
78 1409
79 1425
80 1442
80 1451
80 1454
82 1473
82 1473
83 1493
83 1506
85 1527
85 1528
86 1550
87 1569
88 1596
89 1599
89 1600
93 1674
93 1677
98 1762
98 1774
100
0 3
2 46
2 47
4 86
4 86
4 96
5 104
6 122
7 138
8 154
8 158
8 164
8 164
9 185
10 196
13 264
14 273
16 315
16 325
19 380
23 443
24 476
25 496
26 504
27 526
27 527
27 535
29 560
30 582
30 593
31 604
33 649
34 667
35 684
35 685
36 694
36 701
37 717
38 733
38 733
38 734
39 750
39 756
39 757
39 759
39 761
39 765
40 780
40 786
42 819
45 868
46 887
46 889
47 904
47 914
49 945
50 961
50 962
50 966
50 975
51 990
51 993
52 1003
52 1008
52 1011
53 1026
54 1047
56 1079
56 1091
59 1143
61 1177
61 1180
63 1212
63 1212
66 1271
67 1302
68 1314
74 1423
74 1434
75 1445
76 1465
76 1477
77 1487
79 1524
80 1544
82 1578
83 1598
83 1601
86 1657
88 1699
90 1732
91 1757
91 1766
92 1776
95 1825
96 1851
97 1871
98 1884
99 1910
100 1921
100
0 0
1 1
2 2
5 5
5 5
5 5
6 6
6 6
12 12
13 13
15 15
15 15
16 16
17 17
17 17
18 18
19 19
19 19
19 19
20 20
23 23
26 26
26 26
27 27
29 29
31 31
32 32
32 32
33 33
34 34
35 35
38 38
38 38
39 39
39 39
40 40
41 41
42 42
43 43
43 43
45 45
45 45
46 46
50 49
50 49
52 51
53 52
54 53
54 53
55 54
55 54
57 56
57 56
59 58
60 59
62 61
63 62
64 63
65 64
66 65
67 66
68 67
71 70
73 72
74 73
74 73
75 74
75 74
75 74
78 77
78 77
80 79
80 79
81 80
82 81
82 81
82 81
82 81
83 82
84 83
84 83
85 84
86 85
87 86
87 86
89 88
91 90
91 90
91 90
92 91
92 91
92 91
93 92
97 96
100 98
100 98
100 98
100 98
100 98
100 98
100
0 7
1 16
1 17
1 19
1 19
5 69
8 115
10 135
11 154
12 158
13 172
13 176
14 187
16 214
16 217
18 235
18 240
21 278
21 279
23 300
23 301
26 347
27 362
31 412
33 432
34 450
35 455
36 470
37 483
37 490
38 495
38 498
39 507
39 516
40 518
40 524
41 533
41 533
43 559
44 574
45 586
45 587
45 588
47 613
48 624
49 645
50 649
50 650
50 652
51 671
52 685
53 687
55 721
56 732
57 747
57 747
58 759
58 762
59 776
60 779
60 783
60 785
61 792
61 798
62 806
63 820
63 825
66 857
67 873
69 900
70 916
70 918
71 925
71 927
72 933
73 951
73 954
73 957
76 988
79 1026
79 1031
82 1069
84 1096
85 1104
85 1105
85 1106
85 1108
85 1109
86 1124
87 1130
88 1146
89 1153
89 1156
89 1161
91 1185
91 1188
93 1213
93 1215
97 1257
99 1291
100
0 2
0 4
0 12
2 40
3 47
3 56
4 64
4 70
5 85
6 95
9 141
9 145
10 165
14 213
14 213
16 254
17 259
17 259
17 261
17 262
17 264
17 271
19 297
20 313
21 318
21 325
22 334
24 364
24 375
24 375
24 376
24 377
25 386
26 407
27 412
29 445
31 469
31 473
32 497
32 498
33 505
33 506
33 511
33 514
34 521
35 534
35 537
35 544
37 568
38 575
39 602
42 642
43 657
44 679
45 684
49 743
53 805
54 822
55 838
55 838
57 865
60 918
61 936
62 949
63 963
65 992
65 995
66 1003
66 1010
66 1013
71 1075
71 1081
71 1087
72 1095
73 1108
73 1118
77 1165
77 1167
78 1181
78 1183
81 1236
82 1240
82 1253
82 1254
82 1254
83 1255
83 1268
83 1269
87 1327
87 1328
88 1332
89 1359
90 1364
91 1380
91 1389
93 1408
93 1415
98 1489
98 1491
100 1512
100
2 46
3 60
3 62
7 122
8 146
8 147
10 174
11 187
13 225
14 250
15 257
15 262
16 278
18 316
18 319
19 322
19 329
19 329
22 377
22 382
22 385
22 386
25 425
25 430
25 435
26 454
26 456
27 472
29 504
30 511
31 529
33 559
33 570
33 574
34 580
35 600
35 609
36 614
36 623
37 630
38 644
38 650
38 658
39 662
39 668
41 695
42 723
44 756
46 782
46 790
47 796
47 801
48 813
53 906
54 916
54 918
54 930
55 934
56 964
57 977
58 983
58 984
58 995
62 1056
63 1073
63 1074
64 1091
65 1101
66 1132
68 1157
70 1197
70 1201
71 1213
74 1267
76 1294
77 1309
78 1324
78 1330
80 1358
80 1366
85 1442
85 1453
86 1456
86 1470
90 1536
90 1536
91 1551
91 1554
91 1554
92 1571
93 1584
96 1628
96 1629
96 1630
96 1632
96 1639
97 1650
98 1661
98 1669
99 1681
100
2 27
3 35
3 36
3 40
3 45
7 81
8 102
9 115
10 124
10 127
11 131
11 135
14 162
20 236
20 242
21 244
25 297
26 303
26 310
27 317
29 336
30 355
31 369
32 376
32 378
33 386
35 407
36 421
36 423
37 435
39 457
39 461
39 461
40 464
40 466
41 480
41 481
41 483
41 484
42 488
43 497
44 517
45 521
45 525
45 528
47 544
47 547
48 560
49 570
51 590
51 591
51 594
52 606
55 642
55 646
56 656
57 664
58 670
58 679
59 687
59 690
60 698
60 702
63 728
63 734
63 739
64 740
67 784
69 797
72 832
73 847
73 849
74 860
74 861
75 867
75 868
76 886
76 887
77 890
77 894
78 902
78 909
80 930
81 945
82 950
82 951
83 961
83 968
84 974
84 974
86 1003
87 1010
90 1041
91 1057
92 1063
92 1067
92 1072
94 1086
94 1097
97 1121
100
2 47
2 50
4 91
8 155
8 167
9 179
11 220
12 233
12 245
14 269
16 320
18 344
18 354
19 367
21 401
21 406
22 427
24 465
25 482
26 493
26 497
27 512
27 513
29 558
30 568
30 586
32 607
32 609
32 613
34 648
34 651
36 685
36 692
37 716
38 734
40 775
41 780
42 797
44 851
45 866
46 875
48 924
51 968
51 975
51 980
52 989
52 998
52 1000
53 1018
54 1040
55 1042
56 1075
57 1097
58 1099
58 1109
59 1129
60 1153
61 1164
61 1166
61 1173
63 1206
64 1219
66 1258
67 1277
68 1299
71 1349
71 1358
72 1381
74 1411
78 1481
78 1494
79 1498
79 1507
80 1515
80 1521
81 1534
81 1537
81 1538
83 1577
85 1618
86 1632
86 1641
86 1645
87 1658
87 1662
87 1663
89 1698
89 1701
91 1732
92 1749
93 1763
93 1777
94 1784
94 1788
96 1817
97 1852
98 1860
99 1874
99 1879
100 1892
100
0 9
0 10
2 46
2 52
2 53
5 97
7 143
8 164
8 165
11 212
12 247
14 272
17 334
18 347
19 367
20 394
22 433
23 443
24 465
24 467
25 483
25 485
26 504
26 512
26 513
29 563
29 571
30 585
36 707
37 730
38 745
39 762
41 790
41 805
41 807
42 819
43 837
43 841
47 914
47 921
47 922
48 928
48 937
49 943
49 952
50 965
50 980
51 981
51 988
52 1001
54 1051
55 1069
61 1175
61 1191
62 1200
63 1215
64 1233
64 1240
66 1271
66 1281
66 1282
69 1337
70 1347
72 1393
72 1396
75 1446
75 1450
76 1463
76 1465
77 1486
77 1487
78 1505
79 1519
79 1529
79 1529
80 1546
80 1551
80 1556
82 1582
83 1599
83 1611
84 1623
85 1636
87 1675
88 1693
88 1701
93 1788
93 1790
93 1791
93 1805
94 1817
94 1818
94 1819
94 1820
95 1842
96 1853
96 1853
97 1877
98 1890
100 1922
100
0 2
0 8
1 23
1 27
2 36
4 75
5 86
5 96
5 98
6 99
6 111
6 111
7 116
7 123
10 171
14 241
14 246
15 261
16 278
17 290
20 337
21 355
22 365
22 372
23 381
24 399
27 446
30 496
30 496
30 504
32 541
33 545
34 560
34 572
35 582
36 593
36 598
36 600
37 608
38 631
38 636
38 638
38 638
40 668
41 675
42 697
43 719
44 730
45 751
46 763
46 771
48 790
48 797
50 826
50 832
52 865
53 871
53 875
53 876
54 892
57 940
57 942
58 958
60 996
62 1024
63 1037
63 1049
65 1072
65 1074
67 1102
67 1106
70 1164
71 1178
74 1224
76 1254
77 1267
77 1268
78 1285
81 1338
81 1342
81 1342
81 1347
82 1350
82 1353
83 1364
83 1375
84 1381
84 1390
84 1393
85 1403
86 1416
86 1428
87 1442
90 1489
92 1524
93 1543
95 1574
97 1609
98 1616
99 1639
100
0 9
1 17
3 35
4 42
4 46
5 50
5 55
8 88
8 89
9 92
9 94
10 105
10 108
11 112
13 138
14 142
15 157
16 163
16 167
17 172
17 177
18 181
18 187
19 195
21 213
21 214
22 227
22 227
22 228
25 250
25 251
25 255
27 273
29 297
30 309
33 339
35 357
36 367
37 371
37 378
37 378
39 392
40 409
43 437
43 438
43 439
44 447
45 450
45 453
46 464
47 477
48 484
50 500
50 507
51 517
51 517
52 524
53 534
53 536
54 547
55 551
55 557
55 558
57 576
59 592
59 593
59 597
60 602
62 622
62 623
63 638
64 645
65 650
65 653
65 659
68 682
69 693
71 710
71 716
72 728
75 750
76 760
78 783
78 789
79 790
79 796
80 803
80 807
81 814
81 816
84 843
84 846
86 869
87 871
87 877
91 911
94 949
95 951
96 962
96 963
100
0 11
3 69
5 97
10 180
10 185
11 197
11 211
12 216
13 234
13 238
14 262
14 264
14 264
15 272
16 301
17 314
18 335
20 374
22 405
22 409
23 411
23 416
24 438
24 441
25 451
25 454
25 460
26 477
27 483
28 516
28 517
29 531
29 532
30 537
30 542
32 579
33 596
34 619
37 662
38 683
38 691
42 750
42 754
44 787
45 815
46 826
47 847
48 866
49 880
50 908
53 955
53 955
53 960
55 990
56 1008
56 1010
57 1026
58 1051
59 1061
60 1078
60 1081
61 1106
63 1139
65 1173
66 1181
67 1197
67 1208
67 1208
70 1258
71 1267
71 1272
72 1289
77 1383
78 1409
80 1429
80 1433
80 1439
80 1444
82 1466
82 1466
83 1485
85 1523
86 1546
88 1575
88 1576
89 1590
89 1601
90 1623
91 1637
92 1649
93 1672
94 1677
95 1695
95 1698
95 1712
97 1731
98 1765
99 1770
99 1778
100 1784
100
0 5
0 6
3 21
3 25
4 32
5 39
6 44
7 50
8 62
9 63
9 67
10 71
10 72
12 86
15 107
16 117
17 118
17 118
18 128
19 135
20 141
21 152
23 160
23 163
24 172
25 177
26 183
27 192
27 192
31 216
31 220
36 253
37 263
38 264
38 264
38 270
39 273
39 277
39 277
42 293
42 296
47 331
47 331
48 335
49 343
49 346
50 351
52 365
52 366
53 369
53 370
54 381
55 388
57 399
57 402
58 403
59 413
60 420
60 420
60 422
60 422
62 432
64 448
64 449
66 464
68 474
68 477
68 478
69 479
70 488
70 491
71 493
71 494
71 499
72 504
72 505
73 508
76 530
76 532
77 537
77 541
78 546
78 548
81 568
82 574
82 576
83 577
83 580
84 584
87 606
88 611
88 617
90 630
91 633
91 638
92 645
97 675
98 683
98 685
100 694
100
1 3
3 8
4 10
4 11
5 13
6 14
8 20
9 21
9 21
9 23
10 25
10 25
11 26
12 29
12 30
13 31
13 31
16 39
17 40
17 41
19 45
21 49
21 49
25 58
26 61
26 61
26 62
28 66
29 69
32 75
33 77
34 79
34 81
35 83
36 84
38 89
38 89
38 89
40 94
40 95
43 100
43 100
43 102
44 103
47 110
47 111
49 115
50 116
50 117
51 119
51 120
52 122
54 127
56 131
57 134
58 135
59 139
60 140
61 142
62 145
63 148
64 149
66 154
66 154
66 155
67 156
68 159
71 165
71 167
72 168
72 168
73 170
73 170
74 172
75 176
75 176
75 176
77 179
77 180
79 185
81 188
81 188
81 190
83 193
83 194
84 197
84 197
85 198
87 204
90 210
92 214
92 214
92 214
92 215
93 218
94 220
97 227
99 231
99 231
100 232
100
0 19
1 36
2 48
2 51
8 163
8 170
9 175
9 187
9 192
9 193
11 219
11 219
11 226
11 231
12 234
15 293
17 348
18 360
19 373
19 376
19 377
23 453
23 455
24 476
25 500
25 501
26 516
27 528
27 533
28 551
29 570
30 593
31 610
33 648
33 652
34 668
35 693
37 726
37 727
38 751
39 766
41 802
42 813
43 835
45 880
48 941
49 962
50 975
50 985
51 989
51 991
52 1010
55 1075
55 1078
55 1081
56 1090
56 1096
57 1120
59 1153
60 1161
60 1172
61 1182
61 1190
61 1195
61 1195
62 1200
62 1217
63 1223
65 1259
67 1312
67 1313
70 1361
70 1365
74 1449
75 1466
77 1491
77 1497
79 1532
80 1553
80 1553
81 1574
82 1601
83 1621
83 1625
84 1634
84 1636
86 1681
88 1714
88 1715
89 1733
90 1743
90 1749
91 1770
92 1789
93 1806
94 1828
96 1876
97 1885
99 1927
100 1935
100
0 5
0 5
0 7
2 18
4 31
4 32
4 33
5 42
6 47
6 49
7 56
7 57
9 68
9 69
11 89
13 99
13 101
14 105
14 107
16 122
18 135
18 141
21 161
22 168
23 174
26 196
27 203
28 212
31 232
31 235
32 239
32 246
34 257
34 259
35 263
35 264
39 291
39 293
40 299
40 303
42 318
44 330
44 330
44 333
45 338
46 344
46 348
48 360
49 366
49 366
49 369
51 385
52 390
52 391
52 392
53 397
54 410
55 412
56 420
57 427
60 450
60 454
61 456
61 456
61 457
62 467
64 479
64 482
65 487
66 494
66 496
66 496
68 511
68 514
69 522
70 523
70 523
70 527
71 537
73 550
74 553
75 560
76 568
78 583
78 586
78 587
83 621
84 628
85 640
86 643
87 650
87 653
87 655
88 658
91 681
91 681
91 681
92 692
97 729
98 737
100
0 5
1 8
2 15
2 20
4 32
6 45
7 54
7 54
7 58
8 64
8 67
9 71
9 72
10 75
10 76
12 92
12 95
16 126
17 132
17 133
19 143
21 160
22 172
23 178
24 183
25 191
25 193
26 199
26 200
26 202
27 204
27 207
28 210
29 219
29 220
29 221
29 223
30 232
32 247
35 268
35 268
37 279
37 281
40 300
41 308
41 311
42 322
43 328
45 338
48 364
50 378
50 380
51 384
51 384
51 388
53 402
54 406
54 412
58 436
58 437
59 445
59 446
59 448
60 457
61 458
62 466
64 486
66 497
66 498
70 528
71 535
71 536
72 541
73 549
73 554
74 561
75 568
76 574
77 581
78 587
78 589
82 615
82 616
86 648
86 652
87 655
87 655
87 658
88 667
90 676
91 689
92 695
92 697
93 704
94 712
95 716
97 733
98 741
100 750
100 750
100
0 0
0 0
0 1
1 4
2 5
2 6
5 13
6 17
7 18
7 19
8 22
9 24
9 24
10 25
10 26
10 26
12 31
14 36
14 37
16 41
16 42
18 46
18 46
19 49
19 49
20 52
22 56
23 59
23 59
23 59
24 60
24 60
24 61
26 66
28 72
30 77
32 81
34 85
35 88
39 98
39 99
40 101
41 103
42 107
47 118
47 118
47 119
50 125
50 126
50 126
51 129
52 130
53 133
53 133
54 136
56 140
56 142
58 146
59 148
60 150
60 152
61 153
62 157
64 161
64 161
65 163
67 168
70 175
70 175
70 176
71 179
72 181
73 184
73 184
74 186
75 188
80 200
80 200
80 200
80 200
80 202
81 203
81 204
82 206
82 207
86 215
88 222
89 223
90 225
90 227
91 229
92 230
94 236
96 240
97 243
98 246
98 247
99 249
100 250
100 250
100
0 1
1 31
2 45
4 77
5 108
7 137
12 233
12 242
13 254
13 261
13 266
14 275
15 294
15 296
16 318
17 324
17 329
18 354
20 395
21 400
24 469
26 502
27 521
28 533
28 535
29 566
30 589
31 606
32 621
33 629
33 642
33 645
34 649
34 653
34 657
34 660
35 667
35 668
36 687
36 694
37 708
37 720
38 736
41 795
42 814
45 860
45 865
47 896
47 897
47 911
48 920
49 933
49 941
49 942
51 988
52 991
52 1002
54 1028
56 1079
58 1117
59 1125
60 1142
63 1208
65 1244
67 1287
68 1306
72 1381
73 1390
74 1424
75 1429
76 1457
77 1465
79 1516
80 1527
80 1532
80 1537
81 1542
81 1553
81 1557
82 1578
83 1580
83 1582
83 1593
84 1608
86 1652
88 1674
89 1696
91 1733
91 1735
91 1738
91 1742
92 1751
92 1760
93 1785
94 1791
97 1853
98 1866
98 1870
99 1901
100 1902
100
0 1
2 3
3 4
4 5
4 6
5 7
6 8
6 8
7 9
10 13
10 13
11 14
12 15
12 16
13 17
15 19
16 21
17 22
19 24
20 25
20 26
21 27
21 27
25 31
25 31
25 32
28 35
29 36
29 36
29 37
30 38
31 39
32 40
33 42
37 46
37 47
39 49
40 50
41 51
42 53
42 53
42 53
43 54
44 55
44 55
46 58
46 58
48 60
48 60
50 62
50 63
52 65
53 66
56 70
57 71
60 75
62 78
62 78
63 79
65 81
65 81
66 82
66 82
66 83
66 83
67 84
68 85
68 85
68 85
72 90
72 90
73 91
73 91
75 94
80 100
80 100
81 101
81 101
82 102
82 102
84 105
84 105
84 105
84 105
84 105
85 106
85 106
86 107
87 108
87 109
87 109
87 109
90 112
92 115
93 116
93 116
95 118
96 120
97 121
98 122
100
0 1
1 9
2 12
2 15
3 18
3 20
7 37
7 39
7 40
7 41
9 51
10 56
11 63
12 68
14 74
14 75
14 76
15 83
17 92
17 94
18 95
18 97
18 98
21 115
22 118
22 120
23 122
23 124
24 131
26 138
27 143
27 144
29 153
29 155
29 158
30 161
31 165
32 171
33 176
35 189
37 196
40 216
41 218
42 222
42 226
45 242
46 244
46 246
47 252
48 256
48 256
49 261
50 264
54 288
55 290
56 296
58 308
59 311
60 318
61 323
61 324
62 329
63 334
63 334
63 335
64 340
66 352
67 355
70 372
70 374
72 382
73 388
73 389
74 390
74 392
76 401
76 403
77 411
78 415
80 425
82 435
84 443
84 446
86 454
86 455
87 460
89 471
90 477
91 480
91 480
91 481
91 484
93 492
93 494
93 494
96 509
97 515
99 523
99 523
100 527
