1
50
0 3117567014965
0 5902978101734
1 9988841089600
1 13098788497046
4 41165481408003
5 47945547584272
5 50729915949898
7 66404379978576
12 117823585792957
14 132377174572465
16 145013644052872
17 162066728140310
18 166400090022016
19 181260215938268
27 248262803675810
30 272381133512430
33 308153993612352
34 313798014876790
37 335716479658666
39 361452424242093
44 407749888166525
45 408779515354306
45 414467864234641
47 431484011888572
49 446039059111906
49 446643497053998
50 462230990418529
51 470694354914928
58 526595504620044
59 541037584720081
60 546855353307542
61 559172672139906
64 587664661139150
67 612112701063944
69 630703137717579
70 634544767716907
72 653271152142442
77 700384538258496
78 714459928481831
79 719808081505220
80 730722659134504
85 775313469060305
85 775787399142206
88 800762339724725
92 839542920556362
92 841992267639287
96 877166607962077
97 879345746094229
97 883398206879848
98 892335589139691