50
2
2 2
3
3 2 2
3
1 1 2
3
2 3 1
20
50 58 50 42 38 53 51 47 53 48 55 45 59 58 54 43 49 38 48 58
9
112 109 107 97 121 97 104 112 137
26
37 44 47 42 42 32 43 35 40 49 46 31 36 39 37 32 36 38 34 42 31 35 38 35 44 35
26
182 171 157 12 24 25 22 22 20 30 18 24 22 20 22 21 19 23 26 16 23 14 26 21 18 22
3
3 1 3
3
2 2 3
26
44 23 45 42 36 44 38 35 33 39 34 31 42 50 43 41 40 41 31 40 38 34 36 46 32 42
16
63 65 56 55 51 69 64 75 60 65 69 50 61 67 64 66
26
261 269 20 23 19 23 18 16 9 16 18 24 16 21 19 13 28 16 19 17 27 12 19 22 18 37
3
2 3 4
26
16 22 14 19 15 20 16 22 26 151 22 23 18 135 19 22 14 138 17 23 18 144 22 20 26 18
18
61 68 48 74 62 61 50 53 44 53 65 44 51 51 55 51 51 58
26
28 17 20 17 14 12 15 172 24 15 14 17 27 14 141 11 18 22 21 16 23 138 142 21 22 19
16
1 1 1 1 1 1 1 1 1 1 1 1 1 1 1 15
3
4 4 1
22
38 53 40 45 29 39 41 58 56 50 41 40 51 39 40 43 47 44 55 54 52 44
26
187 189 186 28 16 17 23 17 19 19 21 22 21 18 27 13 26 13 25 10 22 12 15 19 18 17
3
4 3 2
3
4 1 3
13
77 82 78 79 60 70 93 77 74 85 67 71 83
9
94 116 114 105 113 127 118 97 114
3
3 4 1
3
3 1 4
26
37 44 34 39 52 40 28 39 39 28 39 31 45 37 44 44 40 37 42 39 34 38 45 32 33 33
10
9 1 9 1 9 1 9 1 9 1
19
61 68 48 52 55 50 58 49 58 51 42 39 46 53 46 56 51 68 41
26
18 20 19 28 16 19 14 26 16 152 18 24 22 169 16 15 15 25 13 126 133 23 14 17 22 20
26
25 1 1 1 1 1 1 1 1 1 1 1 1 1 1 1 1 1 1 1 1 1 1 1 1 1
26
20 1 20 1 20 1 20 1 20 1 20 1 20 1 20 1 20 1 20 1 20 1 20 1 20 1
3
3 4 2
3
336 323 337
7
147 141 147 145 156 137 123
26
114 99 112 119 131 13 21 20 21 25 24 22 20 20 16 19 23 21 28 19 22 19 19 21 22 10
3
1 3 2
26
1 1 1 1 1 1 1 1 1 1 1 1 1 1 1 1 1 1 1 1 1 1 1 1 1 1
3
1 4 3
26
41 50 35 41 52 41 35 44 42 44 52 37 26 30 41 30 34 37 30 40 32 35 36 32 40 43
26
13 19 20 24 189 18 20 15 18 23 21 22 18 23 156 18 19 16 195 18 22 19 20 24 30 20
26
18 24 120 23 14 17 20 19 96 23 25 20 22 24 29 122 22 16 24 110 10 24 16 22 121 19
3
325 362 310
26
35 39 40 44 31 50 36 34 38 49 37 38 41 35 43 33 30 44 34 42 46 38 39 32 30 42
15
71 69 74 67 68 68 66 70 52 69 54 59 70 56 80
22
35 40 41 47 59 38 45 36 40 45 47 50 43 50 37 42 37 56 45 60 54 47
26
41 43 46 29 30 38 40 41 41 37 40 41 42 35 29 53 33 44 37 47 37 36 40 46 30 24
25
37 32 39 38 26 46 34 47 38 33 43 44 51 38 35 37 46 38 42 35 37 47 46 41 44
26
149 118 142 168 15 20 19 20 19 17 22 13 15 27 13 16 19 24 17 22 21 21 25 28 19 11
