100
5 4
2 1
4 20
7 2
50 1
7 29
7 24
7 4
7 12
43 924808709591
49 137072762073971
19 81711
50 281474976710655
29 46280922
21 12085
7 32
7 3
39 36930825267
4 4
7 7
25 252525
7 33
50 1000000000000000000
41 217578553500
27 14383933
7 17
30 17332946
45 3491995487501
36 16486743896
49 140737488355329
50 219053950240970
32 208313554
4 5
7 11
22 990029
50 281474976710657
7 20
7 10
31 444010577
3 1
7 18
24 2808937
28 48582143
45 12554540958
2 2
12 122
7 14
7 25
4 2
12 3
41 18204300337
32 519338021
7 9
25 8388609
7 6
3 2
4 1
12 472
17 14880
14 3710
2 1000000000000000000
30 265607350
7 28
23 568301
50 999999999999999999
25 1000000000000000000
50 281474976710656
7 26
49 140737488355328
7 19
17 17715
12 827
8 54
4 3
7 30
42 115643267859
36 4442175453
7 13
40 169422122292
27 32362274
7 23
7 15
38 38667264556
45 707390120123
7 31
7 8
17 14446
7 22
50 105553116266496
7 21
25 2718918
7 27
49 281474976710656
8 15
7 1
38 30166830163
7 16
50 140737488355328
3 3
7 5
