100
4
10 5 15 5
2
100 100
8
81 81 81 81 81 81 81 0
6
23 90 40 0 100 9
2
0 0
10
100 0 100 0 100 0 100 0 100 0
10
100 100 100 100 100 100 100 100 100 0
5
46 14 41 8 40
6
67 89 18 80 29 69
7
49 73 83 23 51 84 9
8
33 80 36 95 92 16 54 47
9
31 76 13 69 78 27 98 37 0
10
13 36 0 21 73 67 40 87 81 44
10
19 0 41 65 52 55 72 36 82 59
10
71 0 85 24 20 48 69 68 57 36
10
80 16 72 31 85 27 69 67 51 64
10
96 60 7 29 19 32 52 79 95 86
10
66 41 53 62 44 90 14 78 42 53
10
99 70 57 59 94 81 60 64 23 17
10
17 74 32 10 42 10 5 75 61 98
10
96 52 75 37 72 70 16 12 98 48
10
61 63 14 38 27 41 90 5 7 94
10
20 55 30 57 54 9 98 93 63 18
10
57 44 54 94 47 81 40 63 50 32
10
51 80 95 56 50 70 43 6 42 33
10
27 77 31 69 52 52 12 3 63 31
10
8 17 86 10 88 33 35 17 57 60
10
58 16 31 21 4 55 9 15 60 56
10
70 58 15 40 26 1 92 41 2 36
10
59 30 69 94 84 77 13 32 84 83
10
72 81 92 9 68 0 77 33 37 34
10
40 84 76 75 67 67 91 3 38 35
10
84 68 16 24 40 5 94 82 44 97
10
26 51 15 59 21 50 81 30 94 98
10
33 56 93 61 40 54 85 6 41 95
10
40 39 67 47 15 54 11 20 33 23
10
30 70 23 70 1 55 2 47 32 18
10
20 27 14 23 98 65 65 51 49 4
10
34 75 52 52 50 71 47 67 34 62
10
89 61 54 47 44 54 48 58 6 52
10
79 59 6 19 39 75 72 85 94 58
10
76 85 26 14 13 1 75 16 95 40
10
28 56 58 69 32 13 29 81 53 95
10
38 40 82 86 7 62 60 63 13 61
10
6 59 66 37 46 7 72 60 23 51
10
21 79 50 28 81 45 96 89 26 82
10
65 90 53 67 46 13 15 36 68 10
10
69 53 44 78 74 53 67 70 78 49
10
25 80 68 1 73 80 77 55 5 89
10
54 44 91 32 89 24 49 10 38 71
10
20 47 60 76 85 17 7 32 12 59
10
96 5 36 35 35 29 63 44 85 26
10
24 93 72 88 15 15 73 85 82 45
10
41 35 19 34 21 60 66 88 90 32
10
99 71 73 41 74 68 36 67 44 56
10
88 52 89 78 66 0 24 76 21 28
10
19 38 25 7 11 51 54 89 31 48
10
27 62 77 27 44 0 64 13 12 33
10
63 11 89 97 10 50 32 88 77 26
10
60 52 59 45 31 92 99 16 97 28
10
0 30 16 10 95 4 94 28 35 48
10
63 8 67 0 24 8 22 99 32 64
10
37 69 64 84 47 64 16 92 66 13
10
92 6 53 22 60 5 27 34 63 38
10
4 91 0 2 33 49 13 58 23 67
10
87 70 4 5 28 6 91 10 39 94
10
59 94 74 53 1 25 60 48 2 85
10
3 52 15 59 46 67 93 21 36 41
10
4 23 21 10 49 30 61 79 7 99
10
57 99 38 43 49 18 9 52 54 0
10
62 34 64 88 66 17 9 10 98 69
10
97 46 49 54 51 82 44 46 39 49
10
74 93 30 0 77 39 28 47 81 48
10
63 51 50 6 29 86 12 66 14 56
10
53 73 66 42 41 78 37 45 53 4
10
46 99 50 46 0 26 89 54 97 1
10
38 91 69 24 64 94 97 38 36 8
10
40 10 56 24 79 55 62 3 58 60
10
46 8 1 62 35 30 40 35 51 72
10
4 31 59 36 57 96 6 32 42 6
10
47 25 55 98 63 33 85 17 13 41
10
26 15 2 67 35 23 42 87 32 3
10
6 71 97 79 9 48 73 38 7 55
10
86 76 38 69 83 41 26 68 96 9
10
35 31 29 67 77 27 60 47 33 12
10
70 14 56 6 69 32 31 37 28 15
10
58 29 31 24 8 22 77 92 61 38
10
26 37 13 88 48 26 71 5 73 77
10
50 92 56 73 23 27 57 46 19 89
10
92 11 65 30 62 18 73 58 46 86
10
38 51 43 6 39 37 58 85 38 20
10
43 32 91 82 24 90 89 73 86 89
10
33 90 86 79 74 94 41 12 75 7
10
86 80 51 54 76 18 50 79 77 28
10
7 23 87 85 35 61 10 80 23 39
10
83 29 96 90 29 62 6 41 22 28
10
26 23 5 20 72 72 18 79 89 85
10
23 56 56 16 82 97 58 87 45 76
10
34 97 87 15 49 99 59 38 58 48
10
50 41 73 73 12 64 63 18 1 35
