100
2 4
10 5
3 12
7 7 7
3 12
4 2 1
5 1000000000
25 25 25 25 25
2 2
1 1
5 5
1 1 1 1 1
5 448257424
1 2 3 4 5
5 915742169
18 7 21 11 25
5 847046774
18 18 18 18 18
5 174346244
1 1 1 1 1
5 269247258
14 14 14 14 14
5 513963494
24 24 24 24 24
5 357902998
3 3 3 3 3
5 107194286
11 11 11 11 11
5 467629001
5 5 5 5 5
5 520406866
3 3 3 3 3
5 294530899
9 9 9 9 9
5 513656454
3 3 3 3 3
5 916266793
13 13 13 13 13
5 966028653
18 18 18 18 18
5 914843452
17 17 17 17 17
5 717322367
3 3 3 3 3
5 21677128
2 2 2 2 2
5 275767425
13 13 13 13 13
5 154264068
12 12 12 12 12
5 483089724
18 18 18 18 18
5 403833782
21 21 21 21 21
5 641063861
16 16 16 16 16
5 99081785
12 12 12 12 12
5 777157414
22 22 22 22 22
5 744581910
1 1 1 1 1
5 525363754
19 19 19 19 19
5 464490163
25 25 25 25 25
5 263781061
1 2 3 4 5
5 933311061
1 2 3 4 5
5 137617828
1 2 3 4 5
5 715469434
1 2 3 4 5
5 971274159
1 2 3 4 5
5 315381493
1 2 3 4 5
5 740583912
1 2 3 4 5
5 18436169
1 2 3 4 5
5 187325490
1 2 3 4 5
5 619366930
1 2 3 4 5
5 181083815
1 2 3 4 5
5 402297688
1 2 3 4 5
5 122557664
1 2 3 4 5
5 23312914
1 2 3 4 5
5 474641285
1 2 3 4 5
5 103304007
1 2 3 4 5
5 240053402
1 2 3 4 5
5 330924581
1 2 3 4 5
5 248709476
1 2 3 4 5
5 561866929
1 2 3 4 5
5 431907468
1 2 3 4 5
5 699157162
1 2 3 4 5
5 152210772
1 2 3 4 5
5 790920627
1 2 3 4 5
5 717550485
1 2 3 4 5
5 90008651
24 6 22 5 18
5 104303173
2 25 1 16 21
5 589073766
8 11 17 2 12
5 611562751
22 24 10 5 25
5 596769386
13 11 3 15 18
5 835657580
18 13 8 12 24
5 592615430
11 19 25 19 20
5 825657418
15 11 17 14 23
5 3237904
3 12 1 10 7
5 977190446
15 16 23 24 25
5 639413826
1 5 19 14 1
5 705678973
19 16 14 8 6
5 306939322
25 5 15 5 10
5 981368843
14 20 23 1 23
5 246837891
13 16 7 6 10
5 175546329
18 5 3 16 17
5 378954121
13 10 21 8 22
5 189003320
14 11 1 19 9
5 95776331
5 14 9 8 6
5 522539577
21 13 21 15 7
5 114578064
22 24 25 8 8
5 852808165
23 23 23 2 20
5 347171601
10 16 10 7 25
5 58834770
12 8 11 23 5
5 857124946
7 21 15 9 17
5 286354456
2 22 11 19 15
5 159246779
10 19 16 4 24
5 753391671
17 1 1 8 8
5 18432245
10 2 17 9 20
5 685356521
15 13 12 19 13
5 605674866
23 14 4 8 20
5 837182366
5 17 22 14 22
5 538701051
10 19 8 17 2
5 578739543
18 6 21 8 25
5 80329903
8 3 8 15 15
5 819341492
21 16 6 4 16
5 424491436
4 11 7 21 4
5 977041186
10 24 3 7 11
5 861553417
11 9 16 25 5
5 121844620
15 2 14 8 10
5 577342524
22 14 12 22 14
5 630141465
4 10 8 5 7
