100
811348511301643914
8
42471132053654427
425853258088134940
798387712218534143
127528991969281692
966292087173030163
597806715765715366
40055750863803276
940731910880108138
144696621005051962
88054869793170440
932586580292091896
1
962826665279086384
631852612454443598
1106213643696873
29897987070050246
951076392241546695
997136943212668549
349920754914042484
982633542888602485
347544082347845523
410385228791446776
782963344813350294
134491226883191369
17592186044416
900367414388309271
469679609668565295
174706072034982770
317570165771773076
995580578449915668
2
674658352029384671
914620321467671817
3
132770488498565134
134217728
27347689474944468
790838824266123246
695591711600752404
710326395955994583
925365066969714957
538846426336940440
724371566513982302
662004415107670818
687369744500953017
18345327875646843
934297174601537666
109475670625975236
915672230184620883
558865858644496591
23629632620698470
640742265401216238
916512458070396377
341729193699110
209751495360417310
113697951404230487
901677090245395172
16384
976614042006504124
106317527450502716
959614277776979074
912851485889102404
760794982710191540
16
859903251934585963
635311091257713275
124589982467228373
955083078685217234
70567036057895040
910459873839609883
491907529455972659
414419348630118321
511604061280358483
654685231060446457
928253321580131790
127526771366408587
863351100707061146
257875976491691069
13006962253573699
960930174090784295
178768714226394757
954745898005222134
27401258756262904
684418815989873645
994937115102377798
296830484756830059
829979990780752533
101831057698304884
978021368619443716
592460386874050300
249100313069763388
926648263979842092
936225979302368711
179668804574492688
10
926377417796226913
8589934592
229869039335145774
