100
92476
34099
92119
36467
18081
64719
96077
39937
75966
58147
44241
13915
71487
44413
63176
98970
80692
10
99253
37569
76163
79942
65536
1
32956
99153
92572
93494
24789
91607
77523
2
41660
71948
53483
95967
19615
68285
97947
26967
71768
15370
56162
21612
34789
1625
21723
16
69862
35477
33025
99734
12671
85299
91341
78550
18330
68856
62006
32677
8874
98305
7149
55398
98897
28245
94651
93410
81422
32704
3812
94515
93114
47747
8
73958
96585
21341
32
9882
8192
37998
97668
62340
97829
12899
99526
11668
32768
47608
52822
3
25077
66906
14537
24914
93664
70662
24699
54276
