100
6 8
32669 44118 847238716 3727 24126476 3
1 2
0 4
3 4
1 4
0 5
4 5
2 3
0 3
10 10
10 8 855405808 94430 24208 511950188 3 29286 3548 458197695
0 4
3 9
4 4
6 9
3 7
1 6
0 7
2 9
2 3
2 3
9 1
31699 6 806487947 1 8 63681 9 8 57555
6 6
9 10
272021247 430301482 271850761 357864571 474570763 8 814228699 1 9
0 2
0 8
1 5
2 2
3 6
0 4
2 6
6 8
6 7
0 1
4 9
6 63155 80967 36195
3 3
0 2
0 0
2 2
1 2
0 2
0 1
0 2
2 3
1 9
5
0 0
0 0
0 0
0 0
0 0
0 0
0 0
0 0
0 0
10 10
838294652 2 223678362 49116 6 52818 116255588 9 982262462 978212632
3 4
1 8
3 3
6 9
4 6
6 6
6 7
6 7
5 7
3 3
10 10
8 893080906 774941009 53972 8 7 47818 2 6 328104193
2 5
1 9
3 4
0 6
1 8
2 3
0 0
3 8
2 7
5 9
1 4
193049288
0 0
0 0
0 0
0 0
5 4
9 79140 1552 386000781 481636797
0 4
3 4
1 3
1 4
8 5
9 658180629 99384 62120 73 27104 69133 43319
1 4
5 5
6 7
4 5
3 4
10 7
69605 991725036 639194396 3 95492 718426504 3 4 8 3
5 9
2 6
1 6
0 3
1 5
6 8
0 8
9 8
10 44599 8 44696 1 74876 408479317 90795 251025139
0 4
2 7
6 6
0 3
0 5
3 8
2 6
2 6
2 6
4 612884954
1 1
0 1
0 1
0 1
0 1
0 1
10 10
10 705307318 686538950 5 445041898 319925104 747965254 80849 10 999794788
4 8
4 9
3 4
0 0
5 5
1 9
1 3
4 8
1 3
5 8
2 1
67653 10787
1 1
9 3
7 451036780 1 288115523 4 52996 289826601 652426824 88927
1 1
1 7
5 7
8 9
6634 66023 51954 2 14386 10 8981 73772
2 4
6 7
4 7
0 2
3 6
6 7
2 2
3 6
2 4
10 10
482236894 12491 913171433 6 748352100 15565 4913 970968707 34114 69281
1 5
7 9
5 7
0 7
3 8
1 5
2 8
0 2
1 7
5 9
9 10
50931 89311 992099600 46910 693314179 68954 5 44026 3
7 8
0 3
0 1
5 7
0 7
2 6
2 7
3 7
4 6
1 5
10 10
2747 10 98753848 5 4549 6 8 772921254 96482 629475201
1 6
1 6
2 9
3 4
1 5
3 8
1 4
3 6
8 9
6 9
3 3
1000000000 32767 1
0 1
1 2
2 2
10 10
63757 8 58936 704440334 956818657 159773317 2 892809304 3 7
0 1
0 1
1 7
3 4
4 6
5 5
8 8
5 6
0 1
0 2
6 1
8 91444 42202 5 287378587 7
0 1
8 5
6 14164 2626 672879347 1 10 981639776 10
1 6
2 6
2 6
1 3
3 6
10 6
94464 76532 85169 3 4 577527024 62595 4 5 5
7 8
4 8
0 2
0 1
7 7
0 2
4 5
137373513 2 359764202 622771141
1 2
0 1
3 3
0 3
2 2
5 3
38732 630839994 70808 64468 115279443
0 1
2 3
1 3
10 10
878273504 28435 726918202 51337 58747 1 4 263540969 8134 8
2 8
1 5
0 0
6 8
2 9
2 4
6 8
3 8
2 3
2 8
5 3
726858860 73506 6 944227863 909329125
1 3
0 4
1 3
4 9
126847066 24135 347734554 41233
1 2
0 0
0 1
0 3
0 2
0 2
0 1
0 0
2 2
8 9
6 6 82231636 91504 6 3 139145345 4
0 2
1 5
2 7
0 7
4 7
0 2
3 6
5 7
2 5
4 9
5 12197 9 461357071
1 3
0 2
0 3
2 3
1 3
0 2
2 3
2 3
3 3
4 9
3 422179451 6399 99002
0 2
0 1
2 3
0 1
0 1
0 1
0 2
0 1
1 3
5 10
8 3 154357611 3 890776350
2 4
2 4
1 4
0 2
0 1
0 1
3 3
2 4
1 2
2 3
4 3
6 719807802 6 115346978
0 2
1 3
1 2
3 3
354353425 453523523 543557893
0 1
1 2
0 2
5 9
2 1 2 15227 9
1 1
0 1
0 3
0 3
1 2
3 3
0 3
0 1
3 4
9 9
77882 787196014 176785062 5 6 566678081 1 9 152370374
3 6
0 8
1 7
3 4
7 8
4 5
3 3
3 6
7 8
8 5
34394 67018 87371 10 26662 40035544 8 9
7 7
2 4
1 5
1 4
1 4
9 2
5 9 7 1 962344828 662317412 5 11448 1
2 4
8 8
1 1
9
0 0
3 4
352742319 5 947723450
0 0
2 2
2 2
1 2
10 10
5383 847891727 353551908 42108488 695033182 43845 781431527 435082874 5 34249
1 6
7 9
5 8
5 7
3 4
4 9
0 6
3 6
2 4
2 8
10 10
28940 6 9 80032 434735930 805592723 10 3 256822183 6
1 4
1 5
2 4
6 9
4 7
2 8
1 7
0 2
5 8
0 6
4 2
72235 2 950367152 81388
1 3
0 2
2 2
1 4
0 0
0 1
4 2
10 5 6 1
0 1
0 1
10 10
593367511 50623 9 4 94678 84902 29570 6291 841270765 3
1 1
3 5
7 8
1 8
0 8
2 2
2 4
4 7
2 2
2 5
7 5
43366 844482592 490227171 3 96765 2 88347
1 3
2 6
0 1
3 5
0 1
4 5
70667 5 10 7
0 3
1 2
0 2
0 1
0 3
8 4
6 4 6 97969 96202208 565071841 1 138436585
4 4
3 5
0 1
1 6
10 10
48422 85265 56721 271013914 93238 4 3 3 3 323862415
3 8
1 5
6 8
7 8
6 9
6 9
3 4
0 5
0 8
9 9
10 10
9 18712 828193172 69283621 166005080 87127 4 8 986500427 9397
5 8
1 9
6 9
2 2
8 8
4 9
3 5
3 5
0 7
4 5
1 6
450730353
0 0
0 0
0 0
0 0
0 0
0 0
3 2
1 2 3
0 1
1 2
8 7
7 205525205 964679611 46818 33008486 9 18744 10
2 5
2 2
3 7
0 0
3 5
0 6
1 4
9 7
3 10 830190144 6 7 277692931 13460 8 76008883
3 4
1 5
2 2
1 5
0 0
4 7
3 7
8 8
992320990 599895572 926591474 80441 40357361 1 678324393 360793742
0 6
1 3
7 7
4 7
3 3
3 5
5 6
0 2
1 6
153089605
0 0
0 0
0 0
0 0
0 0
0 0
7 6
491813068 6098 16879 3 1 3 59324
2 3
2 5
1 4
2 3
1 2
2 5
8 10
13245347 7 58330 5 863202184 10 3 2001
0 5
4 6
3 4
2 4
6 7
1 6
0 1
2 4
5 7
2 4
9 5
61495 10 24001 6 157731039 1 744885332 659852021 474807870
6 7
5 8
3 7
4 5
1 1
10 10
707400990 75017 7 56236 50602 154581902 5 10033 3 65935
2 2
1 1
0 6
0 2
0 3
2 4
0 9
4 8
6 7
6 7
10 10
5 1 50067 47928 10 3 2 802671598 1 2
4 8
2 5
3 9
0 9
8 8
1 5
4 5
1 2
8 9
6 7
3 4
154497809 5 66205
2 2
1 1
0 2
0 2
1 1
1000000000
0 0
10 10
40563 34622 99338 4701 123595517 15305 470108096 4 95045 518238401
4 8
5 7
1 9
1 8
8 8
2 5
3 5
0 6
3 9
5 7
7 7
4 353575794 42742 37948 295652665 231643181 10
1 4
0 2
3 5
3 6
4 5
4 4
5 5
8 7
92649 2 68228 6 589985948 4 11245 19063
1 5
1 3
3 4
3 6
4 7
1 2
2 6
1 1
7
0 0
3 4
91937 8 3
0 1
2 2
0 1
0 2
3 3
81500 139025258 34042
1 2
0 0
0 2
6 5
87919 319286904 4 8 649044890 6
0 5
3 5
0 2
0 2
2 2
3 8
54060 372618919 4
0 1
0 2
0 2
1 2
0 2
0 2
1 2
0 2
10 10
709110514 78697 87629 184706509 52685 24593 14856 595732934 114960803 86763
0 9
1 5
1 4
1 9
1 9
4 7
0 0
5 8
4 9
0 5
10 10
66651 46955 974199517 847180541 1 74490 8 2430 5 74961
3 6
2 4
1 4
1 6
6 8
2 3
0 5
1 6
5 6
6 7
5 5
52739 564180976 47533 847083192 9
2 2
2 3
2 2
4 4
2 3
1 9
57695
0 0
0 0
0 0
0 0
0 0
0 0
0 0
0 0
0 0
7 7
1 891496404 97428 3 26379802 905462995 531097756
0 2
1 4
1 5
3 6
2 3
5 6
5 6
6 1
7 1 25185 7278 51544 60967
0 2
6 10
58584 808494560 9 40311808 190011430 8
2 3
0 5
3 4
0 0
1 5
1 1
0 5
0 3
1 2
1 3
10 10
57826 19524 43735 7 10 8 14447 606175815 7 86870
3 4
1 3
0 6
5 8
3 4
1 4
2 2
0 6
3 9
4 5
8 9
997600234 4 9 42415 45331 8 3 7
0 6
4 7
3 6
6 7
6 7
2 4
1 4
1 4
1 5
3 8
803467111 99428 854497305
0 0
1 2
0 2
0 1
1 2
1 2
1 1
1 2
9 9
8 3 1193 10 880530827 5 7 2 35247484
1 1
2 4
4 5
7 7
3 6
5 7
1 4
2 8
5 5
10 10
2 50917 6379 847768688 3 73910 98804 299052867 10438 5
7 8
2 4
0 1
4 8
0 1
4 7
2 2
1 9
3 3
4 5
2 5
867495067 346813073
0 1
0 0
0 0
0 1
1 1
8 8
7 12561 4 92741 87360 80510 421908764 450290379
0 0
0 7
3 6
4 5
5 7
3 7
0 5
3 7
2 5
12237 276847625
0 1
1 1
0 0
0 1
0 1
7 10
8575 318238182 47904 651448062 76695 83536 437073782
3 5
2 5
4 5
1 6
1 4
1 5
2 6
1 6
1 6
3 6
4 3
91238 1 94075 7715
0 2
0 3
3 3
3 3
921034748 4 719357666
0 2
1 1
0 1
9 6
773445093 7 223888643 15104 2 54854 441238168 21727 26174
0 1
1 8
1 4
2 6
4 7
0 1
6 5
160764752 235054161 59673 60410 2 4
1 2
1 5
3 5
0 3
2 5
10 7
442060976 50168 1 591171743 23881 59197 2 7 73736 219155197
4 7
1 8
2 6
2 2
2 8
4 8
0 1
8 3
4 974979476 767175646 665408751 48100 10 8 10
4 7
1 7
1 5
10 10
4 9 709015920 2068 79222 656007258 9 134778040 507631149 19970
4 5
1 9
8 9
3 9
3 5
1 7
2 4
3 4
2 6
8 9
10 10
9 597754875 577950961 843498860 5 838425940 897618921 136869217 10 67081
3 7
1 7
4 7
2 5
1 9
5 9
1 8
0 2
5 5
3 9
8 9
599860012 529724983 559025 10 28174 9 59195 521235779
3 5
0 7
2 6
1 2
2 6
2 2
0 5
0 3
4 7
