10
100 100
84 69 5
70 47 10
69 83 6
71 59 9
12 74 10
15 20 101
20 29 208
76 4 522
10 59 7
4 66 3
95 62 90
54 29 128
32 56 6
74 0 6
42 51 761
74 98 2
43 65 3
8 47 7
0 47 8
98 18 2
86 18 9
38 74 8
9 17 21
84 90 8
21 88 984
86 72 527
20 75 72
59 48 515
38 49 1
95 10 5
1 70 421
35 99 112
29 14 866
49 37 610
28 60 8
97 50 825
36 38 1
75 79 242
81 57 759
87 3 204
89 77 137
31 93 921
7 67 770
47 24 326
2 7 7
84 58 10
65 40 130
46 66 1
29 87 3
19 88 5
82 60 4
80 93 995
84 87 6
1 0 439
0 84 8
92 88 1
82 94 10
0 16 147
52 99 965
87 30 937
88 9 1
74 63 9
66 97 9
33 43 702
53 64 941
39 18 628
22 92 10
95 13 386
50 34 259
43 82 3
41 59 3
96 89 193
5 7 1
43 12 2
78 93 703
6 11 1000
97 10 9
62 91 636
44 72 446
18 25 683
83 27 863
19 61 18
6 73 799
55 43 2
92 56 412
46 7 2
52 0 6
93 65 3
89 41 8
28 53 192
43 26 10
43 92 2
85 12 3
66 68 432
23 18 39
53 51 724
86 11 573
45 4 977
81 43 6
46 0 1
100 100
57 61 83
53 78 374
46 34 2
32 43 208
96 0 6
13 79 8
0 51 644
8 90 5
26 31 113
81 46 10
31 28 717
55 64 4
40 47 945
90 7 1
6 85 67
48 20 4
23 31 768
84 54 7
95 80 10
22 54 607
2 44 921
2 99 490
73 29 4
49 36 8
98 74 4
52 90 8
12 72 389
45 99 372
29 42 8
90 13 1
44 39 219
31 82 256
77 85 947
97 41 9
91 81 10
15 8 1
25 80 503
42 5 543
88 28 209
87 80 722
21 9 597
20 37 3
70 55 164
27 48 296
85 72 9
30 96 6
64 0 4
18 35 1
75 61 9
81 93 10
68 16 54
69 24 859
9 17 12
64 29 7
67 52 228
15 66 6
28 4 997
63 65 210
58 89 478
3 61 719
10 58 592
64 74 10
96 54 2
38 40 997
6 53 41
20 65 6
41 96 10
64 75 2
11 20 8
50 55 848
99 80 719
32 22 96
29 89 10
94 40 6
75 18 2
11 0 8
46 90 4
47 21 546
74 76 9
42 59 50
62 96 1
31 52 782
41 13 4
66 1 694
92 15 2
45 14 423
20 56 3
96 36 3
29 60 8
76 40 5
1 0 728
68 72 737
83 46 454
64 72 5
99 74 3
30 86 567
30 71 374
29 33 37
96 19 9
24 60 414
100 100
67 88 7
70 79 4
59 70 219
38 5 974
95 2 118
7 50 9
49 7 1
39 42 6
60 45 260
99 9 5
98 41 156
6 28 7
27 22 738
28 70 10
31 68 517
19 58 3
14 35 901
73 14 433
61 58 10
48 63 655
12 59 21
9 87 5
37 25 5
47 88 626
41 70 7
18 20 9
79 74 160
67 75 2
99 84 5
62 89 13
23 33 738
58 97 374
17 99 391
20 55 6
6 95 611
37 83 7
92 81 5
7 51 7
65 14 800
31 49 6
82 1 437
50 92 8
89 81 4
54 90 36
41 46 9
22 94 10
79 22 10
9 58 6
81 36 383
45 24 10
91 71 894
79 88 9
77 30 378
53 47 48
7 3 955
76 79 6
64 1 474
66 48 948
58 22 7
5 85 6
44 52 698
6 16 10
89 91 565
13 58 2
58 10 8
1 93 59
15 83 755
26 33 430
80 55 842
13 57 2
35 28 1
82 22 2
34 61 5
32 0 130
9 0 46
13 39 8
19 55 7
13 27 747
10 33 6
6 78 433
48 87 161
52 82 5
69 71 667
8 94 988
40 75 79
43 31 867
72 8 645
22 24 1
21 82 861
71 4 511
31 96 951
50 56 543
54 30 718
30 79 10
85 61 1
9 86 9
58 37 7
11 16 235
9 7 9
29 57 658
100 100
75 88 268
64 39 608
81 62 869
77 97 771
49 21 4
97 57 4
3 93 214
43 97 4
50 51 884
60 97 1
23 12 9
4 13 616
87 14 117
81 80 9
9 65 336
22 78 708
74 7 655
88 86 191
47 73 4
39 26 5
77 1 243
86 73 7
94 70 22
84 6 10
87 82 116
43 6 9
29 46 4
39 57 4
84 85 433
83 15 835
21 72 10
39 65 4
34 39 873
56 92 964
97 21 8
46 65 4
61 37 6
44 74 367
98 65 3
25 11 6
37 86 9
66 31 806
18 36 3
32 65 905
83 13 3
13 41 2
80 16 553
89 22 4
20 28 960
63 26 5
40 63 5
3 42 200
82 2 394
82 7 6
66 50 5
91 84 418
3 12 8
56 53 675
18 25 9
89 69 185
57 8 166
30 29 908
54 65 1
77 55 965
81 89 6
83 45 119
13 95 10
79 96 943
27 58 55
28 38 375
89 7 3
52 43 4
7 28 913
23 7 4
27 68 377
10 50 6
36 71 2
70 57 10
54 18 1
39 37 2
24 70 4
46 59 10
27 54 8
35 82 896
16 99 875
50 64 596
48 46 722
27 33 1
25 19 188
23 76 294
0 36 90
67 39 471
7 97 3
17 57 5
3 90 866
79 23 516
74 92 544
66 18 1
39 83 9
10 5 96
100 100
27 3 5
48 65 3
59 67 548
70 69 511
42 18 670
34 71 549
47 76 4
41 24 1000
62 64 217
25 51 8
95 10 596
67 2 3
50 65 5
96 25 2
43 63 610
55 68 922
54 72 826
83 81 958
23 57 234
63 2 3
93 60 783
19 0 8
97 84 220
61 73 8
25 50 10
24 53 5
24 56 491
41 12 446
0 36 6
26 70 658
19 7 587
86 97 1
29 73 43
20 23 339
15 96 6
98 40 614
22 0 4
76 53 3
99 0 907
17 53 9
10 33 770
1 52 988
87 35 705
9 58 3
21 0 9
38 64 971
90 27 8
52 97 7
90 19 2
71 73 10
94 82 10
68 2 1
2 74 6
85 93 228
50 19 4
37 45 1
32 53 9
0 11 10
98 94 6
16 77 80
11 31 3
11 9 6
94 31 7
66 65 488
61 39 8
52 90 7
50 79 5
50 74 2
76 92 272
89 5 576
74 42 614
83 48 3
53 94 5
91 55 102
31 80 2
30 72 945
25 6 5
44 41 489
81 14 869
10 51 327
9 46 346
72 32 3
89 8 832
73 4 828
1 0 1006
13 19 921
45 9 8
21 73 7
87 16 822
75 54 318
69 58 645
11 8 8
65 20 851
78 30 904
65 93 6
88 71 211
79 38 9
28 76 915
86 49 142
87 8 76
100 100
67 95 9
56 3 423
42 62 458
66 33 7
13 83 10
46 82 5
11 35 6
11 10 4
6 65 475
78 33 9
48 88 3
61 54 131
70 81 4
8 10 7
10 28 5
70 91 113
78 40 6
82 7 3
0 5 132
99 37 719
72 97 901
50 76 7
82 14 279
76 56 4
16 90 8
56 92 6
95 99 2
88 34 6
24 11 4
98 64 507
45 72 6
55 32 680
65 27 150
80 27 198
47 23 446
15 30 444
87 6 135
40 12 406
45 36 116
73 70 5
67 63 280
76 20 388
94 78 6
21 18 176
77 57 15
0 1 988
35 62 895
73 68 2
19 93 27
60 11 621
72 35 8
11 33 5
17 79 851
70 65 3
35 0 3
41 9 247
59 80 411
34 96 259
74 43 373
89 18 2
99 4 82
58 29 998
88 39 5
71 30 151
94 93 6
26 55 761
18 33 7
2 56 954
11 52 510
18 1 967
24 86 10
73 0 8
48 47 432
18 88 4
79 66 8
84 25 773
74 35 3
75 82 2
89 25 720
61 74 65
9 79 718
69 64 10
58 35 7
69 11 1
73 13 7
53 79 710
33 51 6
74 38 704
67 32 710
75 35 9
33 44 715
68 85 270
77 35 10
49 11 926
61 31 401
0 92 9
30 62 358
22 33 10
72 95 7
73 90 8
100 100
47 28 33
53 61 858
78 60 9
4 6 132
70 74 708
71 32 919
18 59 8
36 42 485
10 88 151
72 52 9
85 0 89
15 11 6
71 76 686
14 78 4
16 34 204
41 46 2
79 70 909
57 27 40
67 1 607
61 14 9
76 33 8
57 91 680
77 25 801
78 77 821
63 58 2
51 28 4
83 39 97
56 9 82
43 89 307
13 10 9
14 24 3
51 36 9
52 69 410
82 65 5
44 19 941
94 78 305
37 6 995
73 97 232
95 72 311
11 80 879
52 30 6
57 11 7
35 45 7
83 52 3
6 60 4
41 61 5
20 50 2
99 26 23
31 1 772
42 31 693
72 7 825
83 65 2
78 54 6
73 41 7
58 78 10
72 20 3
99 86 3
85 75 495
46 3 2
12 80 910
55 15 561
76 41 4
24 49 436
17 16 897
63 29 260
59 43 8
23 60 760
78 52 4
70 36 505
34 36 114
8 64 5
13 60 5
76 5 230
21 9 468
22 99 3
99 11 5
68 48 137
97 45 582
38 85 760
40 41 1
87 73 8
2 13 6
9 93 436
60 18 3
84 20 4
60 99 9
48 14 7
58 81 3
0 36 6
59 90 4
72 9 720
92 36 157
66 14 223
64 83 2
96 25 5
81 98 790
19 58 9
58 51 4
62 98 609
25 41 2
100 100
77 36 819
25 98 9
34 60 1
42 37 396
32 17 988
45 0 5
85 94 10
75 56 7
76 64 3
19 24 1
80 55 894
94 11 8
94 6 3
8 16 554
22 76 471
2 24 10
94 25 8
18 0 1
1 55 243
96 99 9
20 71 780
94 75 6
25 90 188
51 11 8
14 34 7
88 10 907
60 3 78
68 40 797
50 93 578
17 25 5
76 0 5
45 69 10
11 47 8
13 76 71
19 59 4
28 91 901
75 76 2
0 82 6
41 52 10
37 35 2
83 64 4
75 95 504
25 84 1
73 8 87
58 6 930
94 72 698
61 45 57
78 47 621
52 49 6
6 38 572
94 33 163
60 21 5
35 50 8
15 18 114
75 34 5
94 8 8
9 59 1
52 35 7
20 37 881
85 57 843
4 59 7
75 13 74
57 7 343
9 43 852
97 21 278
89 16 633
36 41 4
57 92 67
29 19 6
54 56 956
96 80 3
81 96 6
65 44 783
12 60 180
87 0 964
45 88 889
45 28 9
75 46 501
84 23 10
96 35 9
31 53 981
57 74 179
80 26 714
15 79 811
76 5 999
19 0 1
48 84 37
0 35 7
30 64 4
27 83 2
88 65 584
68 45 10
86 27 22
53 42 387
59 70 986
62 52 45
39 68 858
49 63 10
75 66 862
67 0 3
100 100
72 14 10
25 40 6
32 68 332
14 61 1
67 41 4
0 41 2
30 36 5
39 60 9
29 79 7
94 83 287
49 91 651
45 85 713
15 84 271
15 70 4
55 92 416
71 19 499
80 26 195
44 70 9
90 79 2
87 34 6
70 3 453
69 38 599
77 36 9
52 76 216
93 26 6
57 0 4
96 83 2
25 44 8
54 68 2
16 59 875
22 78 8
29 13 678
72 81 6
7 49 2
53 79 1
78 82 2
42 24 805
72 0 8
68 86 358
12 25 6
24 26 717
83 81 4
67 11 134
62 52 760
23 33 964
81 7 3
92 64 554
9 50 9
10 88 149
25 75 4
27 85 865
18 88 85
20 98 194
5 82 464
57 31 4
98 17 680
44 72 7
74 69 65
41 47 7
36 44 6
22 37 4
99 43 502
61 16 414
93 14 4
36 73 8
83 97 746
69 68 1
90 98 170
70 78 3
88 46 283
21 94 54
35 68 723
12 4 693
78 63 357
71 81 4
75 2 314
51 74 195
53 92 1
79 57 4
66 79 577
24 56 551
39 0 5
65 34 173
60 68 9
89 70 5
43 12 424
2 58 16
95 39 981
88 82 795
87 96 9
33 31 62
27 8 592
52 74 218
79 48 8
50 70 10
39 28 416
85 78 8
1 22 218
0 1 254
93 6 7
100 100
28 51 8
7 24 5
91 51 5
36 27 2
51 26 10
77 68 330
53 0 937
54 30 6
87 39 1
38 56 97
56 82 190
99 24 5
2 36 1
7 97 3
50 9 1
88 22 9
95 58 415
25 15 4
63 78 9
30 65 8
93 54 761
9 61 320
65 23 7
68 30 4
62 96 343
12 18 274
64 89 5
85 46 5
23 67 5
94 71 189
71 65 6
41 23 867
1 10 283
12 90 824
25 82 9
75 29 195
24 80 935
13 42 6
87 67 6
11 74 691
74 98 563
70 39 180
24 9 6
82 17 424
84 22 5
66 76 724
60 48 26
26 49 9
98 12 2
76 5 772
88 31 381
3 67 45
61 37 566
22 53 8
12 91 1
91 67 1
16 91 512
65 75 425
84 52 5
92 39 343
26 96 4
73 15 667
78 12 5
91 91 1
57 47 470
46 79 10
91 64 8
46 26 8
58 72 859
79 14 10
43 21 892
52 19 7
53 10 816
83 15 2
32 15 150
42 26 8
3 55 932
25 65 4
71 43 8
81 18 804
30 6 404
35 99 9
69 25 546
44 55 427
17 34 589
56 20 575
86 91 2
46 4 167
33 23 8
8 65 550
87 2 10
57 41 133
66 25 385
39 40 735
58 53 924
50 45 252
24 91 9
51 52 3
82 59 762
86 60 173
