Case #1:
0
1
6
7
8
9
17
18
19
20
23
24
26
30
31
32
33
36
38
41
42
45
47
48
49
50
53
55
58
62
65
66
67
68
71
73
74
79
80
81
83
87
88
90
91
93
94
99
100
101
102
103
104
106
107
109
110
113
114
116
121
125
126
128
132
133
134
136
137
138
143
144
145
148
150
151
152
153
157
159
164
166
167
170
171
172
173
178
182
183
184
185
186
187
194
198
200
202
204
205
207
208
209
210
211
212
213
214
218
219
222
223
225
226
228
230
235
237
239
242
244
247
256
257
258
260
262
263
265
271
273
274
275
277
278
279
280
283
284
289
290
292
294
295
296
297
302
303
304
308
309
310
311
320
321
324
327
328
330
331
335
338
339
340
343
346
348
350
351
352
353
354
355
357
359
360
361
364
367
369
371
373
374
378
379
386
387
388
389
391
393
395
396
397
402
404
406
407
410
411
412
413
414
415
416
420
421
423
427
428
430
432
436
437
441
443
450
451
452
453
454
455
457
458
459
462
463
464
465
466
467
468
470
471
473
475
476
478
479
484
485
486
488
490
492
497
498
500
501
503
505
507
509
512
513
518
519
523
524
527
529
531
535
537
541
545
548
549
551
554
555
556
557
559
563
568
572
575
576
585
586
587
589
592
594
595
596
598
601
603
604
606
607
608
610
611
612
613
614
615
618
620
621
622
626
627
630
632
634
638
639
641
645
647
648
649
650
656
657
660
661
662
664
666
667
668
670
672
673
676
677
678
682
684
685
686
688
690
692
694
699
701
705
707
709
712
713
717
719
721
723
724
725
728
730
731
732
733
734
735
737
738
741
745
749
756
761
762
763
764
765
767
769
771
774
777
778
781
783
784
786
789
793
794
795
798
799
800
801
805
807
808
809
810
813
817
818
821
822
824
827
836
841
842
844
849
850
852
856
858
859
860
862
866
869
872
873
878
883
884
886
888
890
893
895
897
898
901
903
905
908
909
911
912
917
919
921
926
927
928
930
931
932
934
935
936
938
940
941
944
950
952
953
956
958
965
966
967
968
969
984
985
988
989
990
991
992
993
994
997
998
999
1001
1004
1008
1010
1011
1013
1014
1015
1017
1018
1019
1024
1028
1029
1030
1031
1032
1033
1036
1041
1045
1046
1048
1049
1050
1051
1052
1053
1054
1055
1056
1057
1061
1065
1068
1069
1071
1077
1079
1081
1086
1088
1089
1092
1095
1098
1102
1105
1110
1111
1112
1114
1115
1118
1123
1127
1128
1130
1131
1134
1137
1138
1139
1140
1149
1152
1154
1155
1161
1162
1165
1169
1170
1173
1176
1178
1181
1183
1184
1186
1187
1189
1190
1192
1193
1195
1198
1204
1205
1207
1208
1209
1210
1211
1212
1213
1214
1215
1218
1219
1220
1222
1224
1225
1226
1227
1236
1238
1239
1244
1245
1247
1248
1249
1252
1254
1255
1256
1259
1260
1262
1264
1265
1269
1270
1272
1276
1278
1279
1280
1283
1285
1287
1290
1292
1307
1308
1313
1314
1317
1318
1323
1324
1326
1327
1329
1330
1331
1332
1334
1335
1338
1341
1342
1349
1353
1354
1355
1356
1360
1361
1362
1363
1365
1367
1368
1369
1371
1372
1373
1374
1375
1376
1377
1378
1379
1381
1382
1386
1389
1393
1394
1397
1400
1404
1405
1406
1411
1412
1413
1414
1417
1423
1424
1425
1426
1428
1429
1430
1432
1436
1437
1438
1440
1442
1448
1450
1453
1454
1456
1461
1463
1467
1468
1469
1470
1477
1478
1480
1484
1485
1488
1491
1492
1494
1495
1497
1499
1502
1504
1507
1509
1510
1512
1513
1515
1518
1522
1526
1527
1528
1529
1531
1539
1540
1542
1543
1544
1549
1551
1552
1553
1554
1558
1559
1560
1561
1562
1563
1564
1567
1574
1577
1582
1584
1587
1589
1590
1591
1598
1599
1602
1603
1606
1608
1609
1611
1614
1615
1616
1617
1619
1621
1623
1624
1625
1626
1628
1630
1637
1639
1640
1641
1644
1647
1648
1652
1653
1654
1655
1663
1666
1668
1670
1672
1673
1674
1676
1679
1682
1684
1686
1694
1700
1701
1705
1709
1710
1712
1717
1718
1720
1723
1726
1727
1728
1729
1730
1733
1735
1736
1738
1739
1740
1742
1743
1746
1748
1749
1751
1752
1755
1759
1760
1761
1762
1764
1765
1766
1768
1770
1771
1777
1782
1783
1785
1786
1787
1788
1789
1791
1792
1794
1796
1799
1801
1804
1808
1813
1814
1818
1822
1823
1826
1827
1829
1835
1838
1841
1845
1847
1850
1854
1858
1860
1863
1867
1872
1873
1878
1885
1888
1894
1898
1903
1906
1913
1914
1919
1934
1937
1939
1940
1944
1948
1949
1951
1952
1954
1961
1964
1970
1972
1973
1977
1982
1983
1985
1986
1987
1988
1992
1999
2001
2003
2007
2008
2010
2011
2012
2014
2016
2018
2020
2021
2022
2023
2025
2028
2031
2034
2037
2038
2040
2042
2044
2048
2050
2051
2052
2054
2055
2056
2057
2060
2063
2065
2069
2071
2075
2078
2079
2082
2084
2086
2088
2089
2090
2092
2093
2095
2100
2102
2103
2105
2107
2113
2115
2116
2120
2121
2122
2123
2125
2128
2132
2133
2135
2136
2139
2141
2142
2143
2151
2152
2153
2155
2157
2158
2159
2160
2161
2164
2170
2171
2172
2180
2188
2189
2191
2192
2194
2197
2201
2202
2203
2204
2205
2206
2209
2211
2214
2216
2217
2220
2222
2225
2230
2232
2237
2240
2241
2242
2243
2244
2249
2250
2251
2254
2256
2257
2258
2260
2269
2271
2273
2275
2277
2281
2282
2284
2286
2287
2288
2290
2293
2298
2300
2301
2302
2303
2304
2305
2306
2307
2309
2310
2314
2315
2319
2321
2322
2323
2324
2325
2327
2328
2329
2330
2331
2332
2336
2337
2338
2339
2342
2350
2355
2356
2357
2361
2362
2363
2364
2366
2368
2370
2376
2379
2380
2381
2383
2384
2388
2390
2392
2394
2397
2400
2401
2404
2408
2409
2414
2417
2420
2421
2424
2425
2432
2436
2438
2440
2441
2444
2445
2447
2450
2451
2453
2454
2456
2457
2459
2460
2461
2462
2464
2465
2469
2471
2474
2475
2476
2477
2478
2479
2485
2487
2491
2492
2494
2495
2496
2498
2499
2502
2506
2510
2512
2515
2516
2522
2525
2526
2528
2530
2535
2536
2538
2542
2543
2545
2548
2551
2552
2553
2554
2555
2558
2559
2561
2564
2569
2570
2571
2576
2577
2580
2585
2589
2591
2597
2599
2606
2608
2609
2611
2614
2617
2620
2622
2623
2625
2626
2627
2631
2634
2641
2642
2644
2650
2651
2652
2655
2662
2665
2667
2668
2669
2670
2671
2674
2675
2677
2678
2682
2683
2684
2687
2689
2690
2692
2693
2698
2699
2700
2702
2703
2706
2714
2715
2717
2724
2727
2728
2729
2732
2733
2735
2737
2738
2740
2743
2744
2745
2746
2747
2749
2751
2752
2754
2756
2757
2758
2763
2764
2767
2768
2769
2770
2773
2775
2777
2779
2784
2785
2794
2795
2796
2797
2802
2805
2806
2810
2813
2815
2817
2818
2820
2821
2823
2825
2827
2828
2829
2830
2831
2834
2836
2837
2839
2840
2843
2844
2846
2848
2853
2854
2858
2859
2860
2863
2864
2865
2866
2871
2874
2875
2878
2887
2889
2891
2894
2895
2898
2904
2905
2909
2911
2912
2924
2925
2926
2927
2928
2929
2930
2933
2935
2938
2939
2941
2942
2943
2945
2948
2951
2953
2954
2959
2960
2962
2963
2964
2970
2972
2975
2976
2979
2981
2990
2993
2996
2999
3000
3001
3007
3012
3013
3015
3016
3018
3019
3020
3022
3023
3024
3025
3026
3029
3030
3031
3032
3035
3041
3043
3047
3048
3049
3052
3053
3054
3055
3056
3058
3059
3061
3062
3063
3065
3067
3068
3069
3070
3071
3073
3078
3079
3080
3081
3082
3084
3086
3088
3089
3090
3094
3096
3098
3100
3101
3102
3103
3105
3106
3108
3110
3112
3114
3116
3120
3129
3131
3135
3136
3137
3138
3139
3140
3141
3142
3144
3146
3148
3149
3150
3152
3153
3156
3159
3166
3168
3169
3170
3174
3175
3176
3180
3181
3183
3185
3186
3188
3189
3191
3197
3201
3204
3205
3208
3211
3212
3213
3215
3217
3218
3219
3221
3222
3223
3224
3225
3226
3227
3229
3230
3231
3232
3234
3236
3237
3239
3240
3241
3248
3249
3250
3251
3255
3256
3258
3260
3262
3270
3271
3272
3273
3275
3276
3278
3280
3281
3282
3285
3286
3287
3288
3290
3291
3292
3294
3295
3297
3298
3300
3303
3311
3312
3314
3316
3317
3318
3320
3322
3327
3328
3329
3330
3331
3333
3335
3336
3339
3342
3347
3348
3349
3350
3354
3356
3358
3359
3360
3361
3363
3370
3371
3372
3375
3376
3381
3382
3385
3391
3395
3398
3399
3401
3404
3405
3406
3408
3409
3411
3412
3414
3416
3418
3422
3423
3424
3428
3432
3434
3436
3438
3439
3443
3453
3454
3456
3460
3462
3464
3466
3470
3474
3485
3487
3489
3492
3493
3496
3497
3498
3499
3500
3503
3505
3511
3512
3516
3520
3523
3524
3526
3531
3532
3534
3535
3536
3537
3539
3540
3544
3546
3548
3554
3556
3557
3559
3560
3573
3575
3582
3584
3585
3589
3590
3591
3592
3593
3596
3599
3601
3602
3610
3615
3617
3618
3622
3623
3625
3626
3627
3628
3629
3631
3635
3636
3638
3641
3648
3649
3651
3653
3654
3658
3661
3664
3666
3667
3669
3670
3673
3679
3682
3684
3689
3690
3693
3694
3698
3700
3701
3702
3703
3705
3706
3709
3712
3713
3715
3716
3718
3719
3720
3723
3724
3725
3726
3728
3729
3730
3731
3737
3738
3740
3741
3743
3747
3749
3751
3755
3756
3759
3760
3761
3763
3766
3772
3774
3775
3777
3781
3782
3784
3785
3787
3788
3792
3794
3795
3798
3799
3800
3801
3802
3803
3804
3807
3808
3809
3810
3811
3815
3819
3823
3825
3826
3827
3833
3834
3835
3836
3837
3838
3842
3844
3845
3847
3848
3851
3852
3854
3855
3864
3865
3868
3869
3871
3872
3876
3878
3879
3883
3885
3886
3888
3889
3890
3893
3895
3896
3900
3902
3903
3905
3906
3908
3909
3910
3912
3913
3914
3915
3916
3921
3926
3927
3928
3929
3930
3931
3933
3937
3939
3941
3943
3944
3945
3949
3953
3957
3959
3960
3961
3966
3967
3970
3972
3973
3977
3981
3990
3991
3997
3998
4000
4002
4003
4004
4005
4012
4013
4015
4016
4018
4019
4020
4023
4026
4027
4029
4030
4031
4032
4035
4036
4038
4039
4040
4041
4042
4043
4045
4049
4050
4051
4052
4057
4058
4066
4072
4073
4074
4076
4077
4079
4081
4084
4088
4089
4092
4096
4097
4098
4099
4100
4101
4105
4107
4108
4111
4115
4117
4118
4127
4128
4129
4130
4133
4135
4137
4139
4140
4141
4142
4143
4144
4146
4155
4157
4159
4161
4163
4165
4167
4172
4173
4174
4175
4178
4180
4181
4183
4184
4185
4187
4189
4193
4194
4195
4197
4199
4202
4203
4208
4209
4214
4215
4216
4219
4220
4223
4224
4225
4228
4230
4231
4232
4235
4237
4238
4239
4241
4242
4243
4244
4247
4248
4249
4252
4254
4255
4258
4259
4263
4268
4269
4273
4274
4277
4278
4279
4281
4282
4285
4286
4288
4290
4291
4293
4294
4296
4297
4299
4300
4302
4303
4306
4308
4313
4317
4319
4320
4321
4322
4323
4326
4327
4328
4329
4336
4337
4339
4342
4343
4345
4352
4353
4355
4356
4361
4362
4365
4369
4370
4372
4375
4376
4379
4383
4384
4388
4389
4391
4393
4400
4401
4402
4403
4404
4410
4411
4413
4415
4416
4417
4418
4424
4429
4430
4434
4437
4439
4444
4447
4448
4449
4450
4451
4452
4453
4454
4455
4456
4458
4460
4465
4466
4467
4474
4475
4477
4482
4484
4485
4486
4487
4488
4490
4493
4494
4497
4498
4500
4501
4502
4509
4511
4512
4513
4514
4518
4522
4524
4525
4526
4527
4531
4533
4535
4536
4538
4540
4541
4544
4545
4546
4548
4550
4552
4557
4559
4564
4566
4568
4569
4573
4575
4578
4583
4590
4595
4598
4599
4601
4603
4605
4607
4608
4609
4610
4611
4612
4613
4614
4617
4619
4620
4621
4623
4624
4625
4628
4629
4630
4631
4633
4637
4638
4642
4644
4646
4647
4648
4652
4654
4655
4656
4657
4658
4668
4673
4676
4681
4683
4684
4685
4687
4689
4690
4693
4699
4702
4704
4705
4706
4711
4712
4714
4715
4716
4717
4719
4720
4721
4722
4723
4724
4725
4727
4729
4734
4735
4736
4739
4744
4746
4747
4748
4753
4754
4755
4759
4762
4763
4764
4765
4766
4770
4772
4776
4777
4778
4781
4787
4788
4791
4796
4797
4798
4808
4809
4811
4813
4815
4821
4822
4824
4825
4828
4829
4831
4833
4834
4836
4839
4840
4841
4846
4848
4849
4851
4853
4854
4855
4856
4858
4860
4862
4863
4864
4865
4866
4868
4870
4872
4875
4877
4878
4879
4880
4883
4884
4885
4886
4891
4895
4896
4901
4903
4904
4905
4909
4910
4911
4912
4913
4914
4915
4918
4923
4927
4930
4933
4934
4935
4937
4938
4939
4940
4944
4945
4946
4948
4949
4952
4954
4957
4959
4961
4962
4965
4966
4967
4969
4971
4972
4975
4977
4979
4982
4983
4992
4993
4997
4998
4999
5001
5004
5006
5007
5009
5010
5016
5018
5019
5020
5021
5022
5024
5025
5027
5031
5033
5034
5036
5038
5039
5040
5043
5044
5049
5050
5051
5052
5056
5058
5059
5064
5065
5068
5071
5075
5078
5083
5086
5087
5090
5093
5094
5095
5096
5097
5100
5106
5109
5114
5118
5119
5120
5122
5123
5126
5127
5129
5130
5131
5132
5134
5135
5136
5137
5138
5139
5141
5145
5146
5149
5150
5151
5152
5153
5155
5156
5157
5162
5163
5164
5168
5169
5170
5171
5172
5173
5174
5175
5176
5179
5180
5181
5183
5189
5190
5192
5201
5202
5203
5204
5208
5209
5210
5213
5214
5216
5219
5220
5221
5224
5227
5230
5232
5233
5234
5236
5237
5240
5241
5242
5243
5250
5251
5252
5254
5256
5257
5258
5260
5261
5263
5266
5267
5268
5273
5276
5281
5282
5283
5284
5285
5286
5292
5293
5294
5295
5298
5301
5302
5305
5307
5308
5310
5311
5312
5313
5317
5318
5320
5321
5323
5325
5327
5329
5339
5341
5348
5349
5350
5353
5354
5355
5356
5358
5359
5360
5361
5362
5370
5371
5373
5374
5376
5377
5378
5380
5384
5386
5391
5393
5394
5395
5396
5398
5404
5405
5406
5408
5413
5415
5416
5417
5419
5421
5423
5426
5427
5430
5432
5433
5434
5436
5438
5441
5446
5447
5448
5449
5451
5452
5453
5454
5455
5456
5458
5459
5463
5464
5469
5475
5480
5481
5482
5487
5489
5491
5492
5493
5498
5500
5501
5502
5505
5506
5508
5509
5511
5514
5517
5518
5519
5521
5523
5524
5527
5528
5530
5537
5538
5539
5540
5541
5543
5544
5548
5550
5552
5553
5554
5555
5557
5558
5562
5563
5564
5566
5567
5568
5573
5574
5575
5576
5577
5578
5580
5584
5587
5588
5589
5590
5592
5594
5598
5599
5600
5602
5611
5613
5614
5616
5617
5618
5623
5624
5625
5627
5629
5631
5632
5633
5639
5641
5643
5646
5650
5656
5659
5660
5663
5664
5666
5667
5672
5673
5675
5677
5679
5680
5681
5682
5684
5685
5686
5687
5688
5691
5693
5696
5697
5698
5701
5706
5707
5709
5711
5713
5714
5716
5717
5718
5720
5722
5723
5724
5725
5726
5728
5736
5738
5739
5741
5742
5744
5746
5749
5752
5756
5757
5761
5762
5770
5772
5774
5777
5781
5782
5783
5784
5785
5786
5789
5792
5795
5797
5798
5800
5801
5802
5804
5808
5809
5810
5811
5815
5817
5819
5820
5821
5824
5826
5827
5828
5829
5830
5834
5835
5836
5840
5841
5844
5846
5849
5850
5851
5853
5854
5855
5858
5859
5860
5863
5865
5866
5867
5868
5869
5875
5880
5882
5886
5888
5890
5893
5897
5899
5910
5917
5920
5923
5924
5928
5930
5931
5933
5934
5941
5943
5946
5947
5950
5953
5954
5955
5957
5958
5959
5960
5962
5963
5966
5968
5969
5970
5971
5972
5973
5975
5982
5989
5993
5996
5998
6003
6004
6007
6012
6013
6015
6016
6019
6020
6022
6023
6024
6026
6028
6030
6031
6033
6036
6038
6041
6043
6045
6046
6048
6049
6052
6054
6056
6060
6061
6066
6068
6069
6071
6074
6076
6078
6080
6085
6087
6090
6091
6093
6099
6100
6103
6104
6105
6106
6108
6110
6113
6116
6118
6119
6120
6121
6123
6126
6130
6131
6135
6136
6137
6139
6141
6142
6146
6151
6152
6156
6161
6162
6165
6167
6168
6171
6172
6174
6175
6180
6181
6189
6192
6193
6195
6196
6197
6200
6201
6202
6204
6206
6207
6208
6213
6217
6218
6221
6222
6223
6224
6228
6232
6233
6236
6237
6238
6245
6249
6250
6255
6257
6258
6259
6260
6261
6262
6263
6265
6266
6269
6273
6278
6280
6285
6286
6289
6290
6291
6295
6296
6298
6299
6306
6316
6319
6320
6321
6322
6323
6324
6328
6329
6332
6334
6335
6337
6340
6349
6351
6353
6354
6357
6363
6366
6367
6368
6369
6375
6376
6377
6378
6381
6382
6387
6388
6389
6390
6392
6393
6396
6398
6400
6401
6402
6403
6405
6407
6412
6413
6416
6417
6418
6419
6422
6424
6427
6429
6431
6434
6437
6438
6442
6443
6444
6446
6447
6448
6453
6455
6456
6459
6460
6462
6463
6464
6468
6469
6470
6471
6472
6477
6479
6480
6482
6483
6484
6485
6487
6488
6489
6492
6493
6495
6496
6500
6503
6504
6507
6514
6515
6516
6517
6519
6521
6522
6523
6525
6526
6528
6529
6530
6531
6533
6536
6545
6546
6550
6551
6552
6557
6558
6559
6564
6565
6566
6569
6576
6581
6582
6583
6585
6588
6590
6597
6599
6600
6601
6602
6603
6604
6606
6607
6610
6612
6614
6615
6616
6617
6618
6620
6621
6624
6627
6628
6632
6634
6635
6637
6640
6641
6644
6645
6649
6650
6653
6655
6656
6658
6661
6662
6664
6666
6667
6668
6669
6670
6673
6674
6675
6677
6678
6679
6682
6683
6684
6685
6688
6691
6692
6694
6700
6701
6703
6704
6705
6707
6711
6713
6719
6721
6722
6723
6724
6726
6728
6729
6732
6738
6742
6743
6744
6745
6746
6749
6750
6752
6754
6756
6763
6764
6766
6767
6768
6770
6771
6773
6777
6780
6781
6785
6787
6789
6790
6792
6793
6794
6798
6799
6801
6803
6805
6806
6809
6810
6811
6813
6814
6816
6818
6820
6822
6826
6830
6832
6833
6834
6835
6839
6840
6841
6851
6853
6854
6859
6860
6861
6864
6865
6867
6868
6871
6872
6873
6874
6875
6876
6878
6879
6881
6884
6885
6886
6889
6891
6892
6894
6896
6897
6898
6899
6900
6902
6909
6910
6913
6914
6915
6920
6922
6925
6927
6930
6935
6938
6939
6940
6942
6944
6946
6949
6952
6953
6955
6957
6958
6959
6960
6962
6963
6965
6969
6970
6971
6972
6973
6974
6976
6977
6978
6981
6984
6986
6987
6988
6993
6994
6996
6997
6998
6999
7003
7004
7006
7007
7008
7009
7010
7011
7013
7014
7015
7016
7017
7019
7020
7021
7022
7024
7025
7029
7030
7031
7033
7036
7040
7041
7043
7045
7046
7050
7052
7056
7061
7062
7064
7065
7066
7068
7070
7073
7079
7080
7082
7084
7085
7086
7087
7090
7091
7092
7094
7096
7099
7100
7101
7102
7105
7107
7111
7112
7113
7115
7117
7119
7121
7122
7123
7124
7126
7128
7130
7132
7133
7134
7137
7138
7139
7141
7143
7148
7150
7152
7154
7157
7158
7160
7162
7164
7168
7169
7170
7171
7173
7174
7177
7179
7182
7183
7185
7187
7189
7192
7193
7194
7195
7196
7198
7200
7204
7205
7207
7209
7210
7212
7215
7216
7218
7219
7220
7221
7226
7227
7230
7231
7233
7234
7238
7239
7240
7242
7244
7245
7246
7248
7254
7255
7260
7263
7264
7265
7266
7268
7269
7272
7278
7279
7281
7284
7285
7286
7288
7295
7297
7298
7299
7304
7307
7309
7311
7314
7316
7319
7322
7324
7325
7327
7328
7329
7331
7334
7335
7336
7339
7340
7344
7345
7350
7353
7354
7355
7357
7359
7361
7362
7364
7366
7369
7373
7378
7381
7385
7392
7393
7394
7395
7396
7397
7398
7401
7409
7420
7422
7424
7425
7426
7427
7429
7430
7433
7434
7436
7439
7440
7442
7443
7444
7446
7447
7450
7451
7453
7454
7457
7458
7464
7465
7466
7469
7470
7471
7474
7475
7476
7479
7481
7483
7486
7488
7491
7493
7494
7495
7498
7505
7506
7507
7508
7509
7510
7513
7514
7515
7516
7518
7522
7524
7525
7526
7527
7528
7531
7534
7536
7538
7540
7545
7546
7547
7548
7551
7553
7554
7555
7558
7561
7562
7565
7568
7571
7574
7575
7583
7584
7585
7588
7589
7593
7595
7597
7598
7600
7603
7604
7610
7613
7614
7615
7618
7619
7620
7621
7622
7624
7626
7627
7628
7629
7630
7632
7634
7637
7638
7640
7641
7642
7643
7646
7650
7653
7655
7656
7663
7665
7666
7667
7668
7669
7670
7676
7677
7679
7680
7682
7683
7685
7687
7691
7692
7693
7694
7695
7696
7700
7703
7706
7707
7708
7709
7710
7711
7712
7715
7717
7718
7719
7723
7725
7727
7729
7730
7731
7732
7733
7734
7735
7738
7739
7743
7745
7749
7750
7754
7756
7757
7758
7759
7762
7763
7764
7766
7767
7773
7774
7777
7778
7780
7783
7785
7786
7788
7790
7791
7794
7798
7802
7805
7808
7809
7810
7813
7817
7822
7827
7833
7837
7838
7839
7844
7848
7849
7852
7859
7862
7863
7866
7867
7868
7871
7877
7878
7882
7884
7885
7889
7897
7898
7899
7900
7907
7908
7910
7912
7920
7923
7926
7928
7929
7930
7932
7940
7941
7946
7949
7951
7952
7957
7959
7966
7968
7969
7972
7975
7977
7978
7979
7981
7982
7984
7985
7988
7990
7991
7993
7994
7998
7999
8000
8001
8002
8005
8006
8008
8010
8011
8012
8014
8015
8017
8018
8019
8025
8026
8028
8030
8031
8032
8034
8035
8036
8037
8040
8041
8043
8044
8045
8047
8048
8049
8051
8052
8053
8054
8055
8058
8062
8066
8068
8069
8071
8078
8079
8080
8084
8085
8087
8089
8090
8096
8100
8101
8104
8105
8107
8108
8112
8114
8117
8121
8125
8126
8127
8128
8129
8130
8133
8138
8143
8145
8151
8152
8153
8154
8155
8162
8164
8167
8181
8182
8183
8186
8188
8189
8190
8191
8192
8193
8196
8199
8201
8204
8207
8209
8210
8212
8214
8215
8219
8221
8223
8227
8230
8232
8233
8235
8236
8239
8241
8242
8243
8244
8247
8248
8250
8251
8253
8256
8259
8261
8262
8265
8266
8267
8269
8273
8274
8276
8277
8281
8282
8284
8291
8292
8293
8294
8295
8296
8299
8300
8302
8303
8304
8307
8308
8310
8311
8313
8314
8315
8316
8318
8319
8321
8324
8325
8326
8328
8330
8334
8337
8338
8339
8342
8344
8346
8351
8354
8355
8358
8359
8363
8365
8366
8368
8370
8371
8374
8376
8379
8383
8384
8385
8386
8387
8394
8399
8403
8405
8406
8407
8408
8409
8410
8411
8413
8415
8416
8417
8422
8424
8425
8426
8427
8429
8434
8436
8438
8440
8442
8443
8445
8447
8448
8451
8452
8453
8454
8458
8461
8463
8464
8465
8466
8468
8469
8472
8473
8475
8476
8480
8482
8484
8488
8491
8495
8496
8498
8500
8501
8502
8505
8507
8508
8510
8512
8515
8516
8518
8520
8522
8523
8525
8528
8529
8533
8534
8535
8537
8540
8545
8546
8548
8549
8550
8551
8552
8555
8557
8558
8559
8563
8564
8565
8571
8575
8576
8577
8579
8583
8585
8586
8588
8594
8596
8597
8599
8600
8606
8609
8610
8612
8613
8616
8617
8619
8620
8622
8627
8628
8633
8636
8637
8639
8640
8641
8648
8649
8650
8652
8658
8662
8664
8666
8668
8669
8672
8674
8675
8677
8678
8679
8682
8686
8689
8690
8691
8692
8693
8694
8696
8701
8702
8703
8704
8707
8708
8713
8715
8718
8720
8721
8722
8723
8726
8727
8728
8730
8731
8732
8738
8741
8743
8744
8753
8758
8759
8764
8771
8772
8780
8781
8782
8784
8787
8792
8797
8800
8805
8806
8808
8811
8812
8814
8817
8818
8820
8821
8824
8825
8826
8827
8829
8831
8833
8834
8836
8838
8841
8842
8844
8847
8850
8851
8852
8855
8856
8857
8865
8866
8867
8872
8873
8875
8877
8879
8880
8882
8885
8886
8887
8888
8894
8896
8899
8901
8903
8907
8908
8909
8910
8912
8914
8915
8916
8919
8922
8923
8926
8927
8929
8930
8933
8936
8938
8939
8940
8942
8946
8947
8948
8949
8951
8952
8955
8958
8959
8960
8962
8963
8964
8965
8971
8972
8973
8975
8977
8978
8980
8981
8989
8990
8991
8992
9002
9003
9004
9005
9008
9009
9010
9012
9013
9016
9020
9021
9022
9028
9029
9032
9036
9037
9041
9043
9048
9054
9056
9059
9063
9064
9065
9072
9084
9085
9087
9088
9090
9091
9094
9096
9099
9101
9113
9114
9115
9117
9122
9124
9131
9134
9135
9137
9140
9143
9144
9145
9148
9149
9150
9151
9152
9154
9158
9159
9160
9161
9163
9164
9167
9170
9172
9176
9180
9182
9183
9186
9187
9191
9192
9196
9197
9198
9199
9200
9206
9207
9209
9210
9212
9214
9218
9219
9220
9221
9224
9225
9226
9230
9232
9235
9236
9237
9239
9241
9242
9244
9248
9249
9255
9257
9258
9262
9263
9264
9265
9270
9271
9272
9273
9274
9276
9277
9278
9284
9285
9286
9287
9290
9292
9294
9295
9297
9298
9300
9302
9304
9307
9308
9310
9311
9314
9315
9316
9319
9321
9324
9325
9326
9327
9328
9332
9334
9337
9338
9339
9340
9341
9342
9343
9344
9348
9350
9351
9352
9353
9355
9356
9357
9363
9365
9366
9368
9369
9370
9375
9376
9378
9380
9382
9385
9386
9387
9388
9390
9391
9393
9396
9406
9407
9408
9410
9412
9413
9415
9421
9426
9427
9429
9430
9432
9434
9438
9439
9440
9441
9442
9446
9449
9456
9457
9460
9462
9464
9468
9470
9472
9473
9475
9476
9477
9479
9482
9485
9487
9488
9493
9494
9495
9497
9498
9499
9500
9501
9502
9505
9506
9507
9513
9518
9519
9520
9521
9522
9523
9528
9530
9532
9535
9536
9537
9539
9540
9542
9543
9544
9545
9546
9547
9550
9551
9552
9559
9562
9563
9565
9570
9573
9574
9575
9577
9578
9580
9582
9583
9585
9586
9587
9589
9592
9595
9596
9600
9601
9603
9605
9606
9607
9613
9614
9618
9620
9622
9623
9625
9626
9627
9628
9629
9630
9635
9637
9639
9640
9641
9642
9643
9646
9647
9649
9650
9654
9655
9656
9659
9660
9662
9663
9664
9665
9671
9673
9678
9680
9681
9684
9685
9686
9687
9688
9689
9692
9693
9695
9696
9698
9700
9701
9702
9703
9704
9706
9707
9708
9709
9715
9717
9719
9720
9722
9725
9726
9727
9731
9735
9736
9742
9747
9748
9752
9755
9756
9759
9760
9763
9766
9767
9769
9772
9774
9775
9777
9778
9779
9780
9781
9782
9784
9785
9786
9787
9788
9796
9797
9798
9799
9804
9805
9806
9807
9811
9813
9815
9817
9820
9821
9823
9826
9828
9830
9833
9835
9837
9842
9844
9845
9846
9848
9852
9854
9855
9856
9861
9872
9876
9877
9880
9884
9885
9891
9892
9893
9896
9898
9899
9901
9902
9903
9905
9908
9910
9912
9914
9916
9924
9927
9932
9938
9942
9944
9946
9949
9950
9951
9954
9955
9956
9957
9959
9960
9961
9962
9963
9965
9966
9968
9970
9974
9981
9982
9987
9988
9991
9992
9997
9998
9999
Case #2:
0
2
3
5
6
7
8
11
12
13
15
17
19
20
24
26
27
29
30
35
41
42
43
46
49
51
55
56
59
61
62
63
64
65
68
71
72
73
77
80
83
85
88
90
92
94
99
101
103
104
105
106
107
110
111
116
119
123
124
125
126
127
128
129
130
131
132
133
134
138
139
143
144
145
146
148
149
150
152
154
156
157
159
161
165
167
174
175
176
179
181
182
183
184
188
192
195
202
203
204
210
215
216
223
224
227
228
229
230
231
232
233
236
237
238
240
243
244
246
249
253
254
255
256
260
261
266
268
271
275
276
277
278
279
280
283
284
285
288
290
292
293
294
295
296
298
299
301
303
307
309
311
312
318
319
323
324
325
328
330
331
332
333
334
335
337
340
341
342
344
345
346
347
348
353
355
358
359
361
365
366
368
372
373
377
379
380
381
383
388
390
391
394
395
399
400
402
404
408
411
412
415
416
417
418
420
422
424
425
426
429
430
431
433
434
436
437
442
443
444
446
448
452
453
457
460
462
463
466
469
474
475
479
480
481
482
485
489
490
491
492
493
496
497
499
500
502
503
505
508
509
510
516
517
518
521
522
523
526
527
528
529
530
532
534
536
537
539
542
546
548
551
552
553
555
556
557
558
559
562
563
565
566
570
571
574
579
580
587
588
589
591
592
594
595
596
598
599
604
606
607
609
610
611
613
618
619
620
622
626
627
629
631
632
633
634
636
639
641
642
645
648
649
652
653
655
656
657
659
661
667
672
673
679
682
683
684
685
686
688
689
691
694
698
699
702
704
707
710
712
713
717
718
719
721
722
723
724
726
729
730
731
732
737
739
742
744
745
746
747
750
751
752
757
759
761
763
765
770
771
773
775
777
778
779
780
788
789
790
793
794
797
798
804
808
809
810
812
813
815
816
818
820
821
827
828
829
830
831
833
835
836
838
840
846
848
850
852
853
856
857
858
859
867
869
871
874
875
876
880
885
889
890
893
894
897
898
901
905
907
909
910
911
912
913
914
915
918
920
922
923
926
928
929
931
938
942
943
950
954
957
959
961
964
966
967
970
972
974
976
978
979
982
986
989
990
997
998
999
1001
1002
1003
1004
1005
1008
1009
1010
1011
1013
1014
1018
1025
1027
1032
1033
1034
1037
1038
1039
1040
1041
1043
1046
1047
1050
1052
1054
1055
1056
1057
1059
1060
1065
1066
1068
1072
1074
1075
1079
1080
1082
1086
1087
1091
1097
1098
1099
1100
1101
1102
1104
1106
1110
1111
1114
1116
1117
1118
1119
1120
1121
1123
1128
1129
1130
1135
1138
1144
1145
1149
1150
1151
1153
1154
1157
1159
1161
1164
1166
1167
1169
1172
1176
1180
1181
1182
1184
1187
1188
1189
1191
1194
1196
1197
1198
1199
1201
1203
1204
1207
1208
1210
1212
1215
1216
1217
1224
1225
1230
1232
1233
1235
1239
1241
1242
1246
1248
1249
1250
1251
1253
1254
1255
1258
1259
1262
1263
1265
1268
1270
1272
1275
1278
1279
1280
1283
1284
1289
1290
1294
1299
1301
1302
1304
1306
1310
1311
1312
1313
1314
1317
1320
1321
1323
1325
1328
1329
1330
1335
1336
1338
1339
1341
1344
1345
1346
1347
1348
1349
1350
1353
1354
1355
1358
1360
1363
1368
1370
1372
1374
1376
1378
1380
1386
1387
1388
1390
1394
1398
1402
1403
1406
1411
1413
1414
1415
1417
1423
1424
1426
1427
1430
1432
1434
1435
1438
1444
1447
1448
1449
1450
1451
1452
1455
1461
1463
1465
1466
1468
1470
1471
1473
1474
1475
1476
1478
1480
1491
1492
1495
1496
1497
1501
1502
1507
1509
1510
1512
1513
1514
1515
1517
1520
1521
1522
1524
1527
1528
1530
1531
1533
1540
1541
1544
1545
1547
1549
1550
1551
1553
1554
1555
1556
1557
1560
1564
1566
1569
1571
1572
1574
1576
1578
1579
1580
1583
1588
1589
1590
1592
1596
1597
1599
1601
1603
1604
1605
1606
1607
1608
1612
1613
1614
1616
1618
1620
1622
1624
1625
1630
1632
1635
1637
1643
1644
1646
1650
1651
1654
1656
1657
1659
1660
1663
1664
1668
1671
1681
1682
1683
1687
1688
1690
1691
1693
1696
1707
1709
1710
1711
1713
1716
1717
1719
1721
1723
1726
1727
1729
1730
1732
1733
1735
1737
1742
1744
1745
1746
1749
1750
1753
1754
1756
1758
1759
1760
1762
1768
1771
1774
1775
1776
1779
1780
1781
1783
1784
1785
1786
1791
1792
1793
1795
1796
1798
1801
1802
1803
1804
1805
1807
1808
1811
1815
1818
1821
1822
1823
1824
1825
1828
1829
1830
1832
1834
1836
1837
1838
1839
1846
1851
1855
1856
1857
1858
1859
1862
1863
1864
1868
1869
1870
1871
1872
1873
1874
1880
1881
1882
1883
1884
1888
1889
1890
1891
1894
1895
1897
1898
1901
1902
1905
1908
1910
1912
1914
1917
1918
1919
1920
1922
1923
1924
1927
1928
1929
1930
1931
1933
1934
1935
1937
1938
1939
1943
1944
1945
1947
1948
1949
1952
1954
1957
1959
1961
1963
1968
1969
1974
1975
1976
1977
1981
1983
1984
1985
1987
1991
1992
1993
1996
2000
2003
2005
2009
2013
2014
2017
2018
2019
2020
2023
2024
2026
2029
2031
2034
2036
2037
2039
2041
2042
2043
2045
2046
2050
2053
2054
2055
2056
2058
2059
2060
2062
2063
2068
2070
2072
2073
2074
2075
2081
2083
2084
2085
2088
2091
2093
2096
2100
2104
2105
2107
2108
2110
2112
2114
2116
2117
2118
2119
2120
2121
2123
2127
2128
2130
2135
2139
2142
2147
2148
2149
2151
2156
2158
2160
2161
2163
2164
2166
2168
2169
2170
2171
2172
2174
2175
2178
2180
2181
2182
2185
2187
2190
2191
2192
2193
2196
2197
2205
2207
2208
2209
2210
2211
2214
2216
2217
2218
2219
2220
2222
2224
2225
2227
2229
2230
2231
2232
2233
2240
2241
2242
2243
2244
2247
2249
2251
2253
2255
2260
2264
2270
2271
2275
2276
2279
2281
2286
2288
2294
2295
2297
2300
2301
2302
2303
2304
2306
2309
2310
2319
2321
2323
2324
2325
2326
2329
2331
2334
2340
2342
2345
2348
2349
2351
2354
2355
2356
2357
2358
2359
2363
2365
2366
2368
2369
2371
2372
2373
2374
2375
2376
2377
2385
2387
2389
2391
2392
2395
2397
2398
2399
2404
2405
2406
2408
2409
2410
2411
2412
2413
2415
2419
2420
2423
2424
2427
2428
2431
2433
2435
2437
2439
2441
2442
2445
2446
2448
2450
2453
2454
2455
2456
2461
2465
2466
2469
2471
2473
2474
2478
2479
2482
2483
2485
2487
2488
2489
2491
2494
2496
2502
2504
2506
2507
2511
2516
2520
2522
2523
2525
2526
2527
2530
2534
2538
2539
2546
2547
2549
2550
2552
2554
2555
2557
2560
2562
2563
2566
2567
2569
2572
2575
2577
2581
2583
2584
2587
2588
2589
2590
2592
2594
2603
2605
2610
2611
2612
2616
2617
2618
2623
2624
2626
2627
2628
2629
2631
2632
2636
2641
2642
2643
2644
2645
2646
2650
2653
2654
2655
2656
2658
2660
2661
2662
2664
2665
2667
2668
2669
2670
2671
2675
2676
2677
2680
2681
2686
2691
2692
2694
2695
2696
2699
2700
2701
2703
2704
2705
2706
2709
2713
2716
2717
2719
2721
2723
2724
2725
2727
2728
2730
2732
2736
2737
2738
2739
2741
2742
2745
2747
2748
2749
2751
2755
2757
2758
2759
2760
2761
2763
2764
2766
2768
2773
2774
2777
2779
2784
2785
2786
2787
2789
2791
2798
2799
2804
2805
2806
2808
2809
2810
2811
2812
2816
2817
2818
2819
2825
2826
2827
2828
2831
2832
2833
2837
2839
2842
2843
2845
2849
2852
2854
2856
2857
2858
2860
2861
2866
2867
2868
2869
2872
2873
2875
2879
2883
2884
2885
2886
2890
2893
2896
2897
2898
2900
2902
2904
2905
2910
2912
2913
2914
2917
2919
2920
2921
2922
2923
2925
2927
2928
2929
2930
2935
2940
2947
2953
2956
2957
2960
2961
2966
2968
2975
2976
2978
2981
2984
2985
2986
2989
2999
3002
3003
3005
3008
3009
3012
3016
3017
3023
3025
3026
3028
3030
3031
3033
3035
3036
3037
3038
3041
3043
3044
3045
3046
3049
3050
3051
3052
3053
3055
3057
3059
3060
3062
3064
3065
3066
3070
3072
3073
3079
3080
3081
3083
3084
3087
3088
3090
3091
3094
3096
3101
3102
3103
3104
3105
3106
3107
3108
3109
3111
3112
3118
3120
3122
3123
3126
3131
3132
3133
3140
3142
3144
3145
3147
3148
3150
3155
3157
3158
3160
3161
3163
3165
3166
3168
3169
3171
3173
3174
3175
3186
3187
3190
3191
3192
3195
3196
3199
3203
3205
3208
3209
3211
3212
3213
3216
3217
3219
3222
3223
3225
3226
3227
3228
3231
3232
3235
3237
3239
3242
3243
3245
3247
3249
3252
3253
3255
3256
3257
3261
3262
3263
3264
3266
3267
3268
3269
3271
3272
3275
3276
3279
3280
3286
3287
3288
3290
3291
3292
3293
3296
3297
3301
3302
3304
3305
3306
3308
3309
3310
3311
3312
3314
3315
3317
3320
3322
3324
3328
3332
3333
3337
3339
3343
3344
3346
3347
3348
3349
3350
3352
3353
3356
3360
3364
3367
3368
3369
3370
3371
3372
3373
3374
3375
3376
3380
3381
3383
3386
3387
3388
3396
3397
3398
3400
3405
3406
3408
3409
3412
3414
3415
3416
3417
3418
3420
3421
3423
3426
3429
3430
3432
3433
3434
3435
3437
3438
3441
3442
3443
3444
3445
3446
3451
3456
3458
3459
3460
3465
3467
3469
3471
3473
3475
3477
3480
3482
3486
3490
3494
3495
3499
3504
3511
3517
3518
3520
3523
3524
3530
3533
3534
3535
3536
3537
3538
3539
3540
3542
3543
3545
3546
3551
3552
3553
3556
3559
3561
3565
3566
3569
3570
3571
3572
3575
3576
3577
3578
3579
3581
3583
3586
3587
3590
3592
3593
3601
3602
3605
3606
3607
3608
3610
3611
3612
3613
3617
3620
3623
3625
3626
3628
3629
3633
3636
3640
3641
3642
3645
3646
3650
3652
3654
3656
3659
3660
3661
3662
3663
3667
3668
3670
3671
3672
3674
3675
3676
3677
3680
3681
3685
3688
3689
3690
3694
3696
3697
3701
3702
3705
3707
3710
3711
3712
3714
3719
3720
3722
3723
3724
3725
3726
3729
3732
3735
3737
3739
3743
3744
3745
3746
3748
3753
3754
3755
3757
3758
3761
3763
3764
3765
3768
3769
3770
3772
3773
3774
3776
3777
3780
3782
3783
3784
3788
3789
3790
3794
3796
3804
3808
3809
3810
3812
3814
3817
3818
3825
3827
3828
3832
3837
3838
3839
3842
3843
3846
3848
3851
3855
3859
3860
3864
3866
3867
3868
3871
3876
3877
3880
3881
3884
3886
3887
3889
3890
3893
3895
3896
3897
3899
3900
3901
3903
3905
3906
3907
3910
3912
3913
3916
3917
3921
3926
3927
3931
3932
3933
3935
3939
3943
3944
3947
3948
3950
3952
3953
3955
3956
3959
3961
3962
3963
3966
3969
3971
3972
3973
3975
3976
3979
3981
3982
3983
3985
3988
3989
3990
3991
3994
4000
4002
4003
4004
4011
4012
4015
4017
4021
4022
4024
4027
4033
4034
4036
4037
4038
4040
4041
4042
4045
4046
4049
4052
4059
4062
4063
4066
4067
4068
4070
4072
4076
4077
4083
4088
4090
4094
4095
4099
4101
4102
4103
4104
4105
4107
4109
4110
4111
4112
4113
4115
4121
4125
4128
4131
4133
4135
4136
4139
4140
4141
4143
4144
4145
4147
4148
4150
4153
4159
4160
4163
4167
4169
4173
4174
4175
4177
4178
4179
4182
4191
4192
4196
4199
4202
4204
4207
4209
4210
4212
4215
4219
4223
4225
4227
4230
4232
4236
4239
4240
4241
4242
4243
4244
4245
4248
4250
4251
4253
4254
4255
4257
4261
4263
4265
4266
4267
4268
4269
4271
4273
4279
4280
4281
4285
4287
4288
4289
4290
4291
4296
4297
4298
4300
4301
4302
4303
4305
4306
4309
4310
4311
4315
4316
4317
4321
4322
4324
4325
4326
4328
4330
4334
4337
4338
4342
4343
4345
4352
4354
4355
4356
4358
4364
4366
4367
4368
4371
4375
4376
4378
4381
4384
4385
4386
4387
4388
4390
4392
4397
4398
4399
4400
4405
4406
4407
4410
4415
4416
4417
4419
4420
4421
4422
4424
4425
4427
4428
4433
4435
4437
4438
4439
4440
4442
4443
4444
4445
4450
4452
4455
4456
4457
4461
4465
4466
4472
4473
4474
4475
4477
4478
4479
4482
4483
4485
4491
4492
4493
4494
4495
4496
4498
4501
4506
4508
4509
4510
4511
4512
4522
4526
4527
4528
4530
4533
4536
4537
4539
4545
4550
4556
4558
4560
4563
4566
4567
4568
4569
4572
4581
4582
4585
4586
4587
4588
4590
4592
4593
4594
4595
4596
4601
4603
4604
4606
4612
4613
4615
4616
4621
4622
4623
4627
4628
4629
4631
4635
4636
4638
4639
4643
4644
4645
4646
4648
4649
4650
4651
4652
4654
4655
4657
4658
4659
4661
4664
4665
4668
4669
4671
4672
4676
4677
4678
4680
4682
4686
4687
4692
4693
4694
4695
4697
4698
4699
4701
4704
4706
4711
4712
4714
4715
4720
4721
4722
4726
4729
4730
4731
4733
4734
4736
4739
4740
4741
4744
4745
4746
4747
4751
4752
4753
4754
4755
4756
4757
4758
4762
4764
4765
4768
4769
4775
4782
4783
4784
4788
4789
4791
4800
4802
4803
4804
4805
4807
4808
4809
4810
4811
4812
4815
4818
4820
4822
4825
4827
4829
4830
4831
4832
4834
4837
4838
4839
4842
4845
4846
4847
4848
4850
4851
4858
4860
4861
4864
4866
4867
4870
4872
4876
4877
4878
4879
4882
4885
4886
4888
4891
4892
4895
4897
4901
4902
4904
4905
4907
4908
4909
4911
4912
4913
4914
4915
4920
4922
4925
4926
4927
4930
4931
4932
4934
4935
4937
4939
4943
4945
4949
4951
4952
4953
4954
4955
4957
4959
4960
4965
4966
4969
4970
4973
4974
4976
4977
4979
4981
4983
4985
4987
4989
4991
4992
4995
4996
4997
4999
5000
5001
5002
5004
5006
5008
5009
5010
5011
5013
5015
5017
5023
5027
5031
5033
5035
5036
5038
5043
5044
5047
5048
5050
5051
5053
5056
5057
5058
5059
5060
5061
5063
5067
5068
5069
5070
5072
5073
5074
5077
5080
5082
5083
5084
5085
5086
5087
5093
5094
5095
5099
5100
5101
5102
5104
5106
5107
5108
5109
5113
5114
5115
5116
5119
5121
5122
5123
5125
5127
5132
5133
5134
5136
5137
5138
5144
5145
5148
5151
5152
5153
5155
5159
5161
5164
5165
5170
5171
5173
5174
5175
5176
5177
5184
5186
5188
5190
5191
5193
5198
5199
5204
5206
5208
5209
5210
5211
5212
5214
5215
5216
5218
5223
5225
5227
5228
5229
5231
5232
5233
5236
5237
5238
5244
5245
5246
5248
5250
5251
5252
5253
5258
5260
5262
5264
5265
5266
5275
5276
5277
5278
5280
5282
5284
5293
5295
5297
5298
5301
5302
5303
5305
5307
5308
5313
5316
5317
5320
5323
5324
5329
5331
5333
5334
5336
5337
5340
5344
5345
5347
5350
5351
5353
5355
5356
5358
5359
5360
5362
5363
5364
5368
5371
5373
5374
5375
5377
5380
5381
5382
5383
5385
5388
5390
5395
5397
5402
5403
5404
5406
5407
5408
5409
5410
5412
5414
5415
5416
5417
5418
5420
5421
5423
5424
5426
5428
5431
5432
5433
5435
5436
5437
5440
5445
5446
5449
5453
5454
5455
5456
5458
5460
5461
5462
5463
5467
5468
5470
5473
5475
5478
5479
5480
5481
5482
5483
5487
5488
5492
5493
5494
5496
5497
5498
5499
5501
5502
5506
5507
5511
5513
5522
5524
5527
5529
5533
5535
5536
5539
5544
5546
5548
5549
5550
5551
5552
5554
5555
5557
5558
5560
5561
5563
5564
5565
5568
5571
5575
5576
5577
5581
5582
5583
5584
5585
5586
5587
5589
5591
5594
5595
5596
5597
5607
5608
5610
5611
5612
5613
5617
5618
5621
5623
5625
5627
5634
5635
5637
5639
5640
5644
5647
5648
5649
5650
5652
5653
5654
5655
5656
5657
5659
5662
5666
5668
5670
5673
5675
5676
5679
5681
5682
5684
5687
5688
5691
5692
5695
5697
5700
5701
5703
5704
5705
5708
5710
5711
5715
5720
5721
5722
5724
5725
5726
5727
5728
5729
5730
5732
5736
5740
5743
5747
5748
5750
5752
5757
5759
5761
5762
5764
5765
5770
5771
5773
5775
5776
5781
5784
5787
5791
5794
5795
5796
5797
5799
5800
5801
5806
5807
5809
5811
5814
5815
5817
5818
5819
5821
5824
5825
5826
5827
5829
5831
5833
5834
5836
5840
5842
5843
5846
5847
5848
5852
5854
5855
5856
5857
5858
5859
5862
5863
5864
5866
5867
5868
5869
5872
5877
5878
5879
5880
5882
5886
5888
5894
5895
5896
5901
5903
5904
5906
5907
5908
5909
5910
5912
5914
5915
5918
5921
5924
5925
5926
5928
5931
5932
5933
5934
5935
5936
5939
5940
5941
5942
5944
5948
5949
5951
5954
5956
5959
5961
5965
5966
5967
5968
5969
5971
5972
5974
5977
5979
5980
5983
5985
5986
5987
5992
5995
5996
5997
6000
6001
6002
6004
6005
6007
6009
6010
6011
6012
6013
6014
6016
6018
6019
6021
6022
6023
6024
6028
6029
6030
6035
6036
6037
6041
6042
6043
6044
6046
6048
6049
6050
6051
6054
6060
6061
6065
6066
6067
6070
6072
6073
6074
6076
6077
6081
6085
6089
6091
6093
6094
6097
6100
6101
6105
6106
6109
6112
6114
6115
6116
6117
6118
6122
6123
6124
6126
6127
6128
6129
6130
6132
6133
6134
6135
6138
6139
6140
6142
6146
6149
6152
6153
6154
6156
6157
6158
6159
6161
6162
6163
6164
6166
6167
6175
6178
6180
6181
6182
6187
6188
6189
6192
6194
6198
6199
6200
6202
6203
6205
6208
6209
6210
6220
6225
6227
6231
6233
6237
6241
6243
6245
6246
6249
6251
6254
6256
6258
6259
6261
6262
6265
6267
6270
6273
6274
6275
6277
6278
6281
6282
6284
6286
6287
6293
6298
6300
6303
6308
6311
6312
6313
6315
6317
6320
6322
6323
6324
6325
6327
6329
6330
6331
6339
6341
6346
6349
6350
6351
6352
6355
6356
6359
6363
6368
6370
6371
6372
6373
6374
6379
6380
6381
6383
6384
6385
6387
6388
6391
6393
6394
6396
6397
6401
6403
6405
6406
6407
6411
6412
6415
6419
6420
6422
6423
6424
6427
6430
6433
6435
6436
6437
6439
6444
6445
6446
6447
6448
6449
6450
6455
6464
6466
6468
6469
6470
6475
6476
6478
6480
6482
6483
6486
6488
6489
6490
6491
6492
6493
6496
6497
6498
6500
6501
6503
6504
6505
6508
6509
6512
6513
6515
6517
6519
6521
6522
6525
6526
6531
6532
6533
6537
6539
6541
6542
6545
6546
6547
6549
6551
6553
6554
6555
6558
6559
6561
6565
6569
6570
6573
6578
6579
6580
6584
6585
6586
6588
6590
6591
6592
6593
6594
6602
6603
6604
6605
6606
6607
6608
6609
6611
6612
6614
6616
6621
6623
6624
6625
6626
6627
6628
6634
6635
6637
6641
6642
6643
6644
6646
6647
6650
6652
6653
6654
6656
6657
6660
6662
6663
6664
6666
6667
6668
6670
6671
6672
6675
6681
6683
6684
6688
6693
6694
6695
6697
6699
6700
6702
6703
6705
6707
6708
6710
6711
6712
6714
6717
6719
6720
6721
6722
6723
6728
6733
6734
6735
6737
6740
6741
6742
6743
6744
6746
6747
6748
6752
6753
6754
6755
6756
6757
6762
6764
6766
6767
6769
6770
6771
6772
6773
6776
6779
6782
6783
6785
6787
6793
6794
6795
6796
6798
6799
6802
6803
6804
6805
6806
6807
6808
6809
6811
6813
6817
6818
6819
6820
6821
6822
6826
6828
6830
6831
6832
6837
6838
6839
6840
6841
6842
6843
6845
6846
6847
6857
6859
6863
6866
6868
6869
6871
6873
6875
6877
6878
6879
6880
6881
6882
6883
6884
6885
6890
6894
6895
6897
6898
6901
6902
6905
6907
6909
6913
6914
6917
6921
6922
6924
6926
6928
6929
6931
6935
6936
6940
6943
6944
6945
6946
6947
6949
6950
6951
6952
6954
6956
6957
6961
6964
6966
6969
6971
6972
6978
6979
6980
6981
6984
6985
6986
6989
6990
6993
6994
6995
6996
6999
7003
7004
7007
7009
7016
7017
7020
7021
7023
7025
7026
7029
7034
7036
7037
7039
7040
7041
7042
7046
7047
7048
7050
7052
7053
7056
7057
7059
7062
7063
7067
7069
7070
7071
7072
7078
7083
7086
7087
7088
7089
7091
7092
7093
7095
7096
7097
7099
7103
7105
7107
7108
7109
7110
7111
7113
7118
7120
7121
7122
7126
7131
7133
7134
7135
7137
7139
7141
7145
7148
7149
7153
7156
7157
7161
7162
7166
7167
7168
7169
7171
7173
7175
7178
7181
7182
7185
7186
7187
7189
7190
7193
7194
7195
7196
7199
7202
7204
7205
7206
7207
7209
7211
7213
7215
7217
7219
7220
7222
7223
7224
7228
7230
7231
7232
7234
7237
7242
7245
7246
7248
7250
7253
7254
7255
7256
7258
7261
7262
7263
7264
7265
7267
7272
7273
7276
7278
7284
7285
7286
7287
7288
7290
7292
7293
7294
7295
7297
7300
7307
7309
7310
7313
7315
7317
7323
7324
7325
7327
7328
7329
7330
7332
7333
7335
7336
7337
7341
7345
7347
7350
7353
7355
7359
7360
7361
7363
7368
7369
7373
7375
7376
7380
7381
7383
7386
7388
7389
7392
7394
7395
7398
7400
7401
7403
7407
7408
7410
7412
7414
7415
7419
7423
7425
7428
7432
7435
7436
7438
7440
7445
7447
7454
7457
7459
7460
7461
7463
7464
7469
7471
7474
7478
7485
7492
7494
7495
7497
7498
7500
7503
7506
7512
7515
7516
7525
7526
7531
7535
7538
7549
7551
7552
7554
7555
7556
7558
7559
7562
7563
7565
7567
7568
7569
7570
7572
7575
7579
7580
7583
7585
7587
7588
7591
7593
7596
7598
7601
7602
7603
7604
7605
7606
7607
7608
7609
7611
7612
7615
7616
7621
7626
7627
7628
7631
7632
7633
7640
7642
7643
7644
7645
7648
7649
7650
7653
7656
7657
7662
7663
7664
7667
7670
7671
7675
7676
7677
7679
7681
7682
7685
7687
7688
7691
7693
7695
7696
7698
7699
7702
7703
7704
7705
7710
7712
7715
7717
7718
7719
7720
7721
7726
7728
7730
7731
7732
7737
7740
7742
7743
7745
7749
7750
7753
7755
7757
7758
7759
7763
7764
7765
7766
7767
7769
7770
7772
7777
7783
7784
7787
7789
7792
7793
7794
7798
7800
7801
7802
7803
7806
7807
7808
7809
7811
7812
7815
7816
7819
7820
7821
7822
7823
7826
7829
7831
7833
7835
7836
7837
7838
7841
7844
7846
7848
7850
7852
7854
7855
7857
7858
7861
7866
7871
7872
7874
7875
7876
7877
7878
7880
7881
7884
7886
7888
7891
7892
7894
7895
7896
7898
7899
7900
7905
7906
7907
7909
7910
7911
7914
7915
7918
7919
7923
7925
7926
7927
7928
7934
7935
7940
7943
7945
7946
7953
7955
7957
7959
7960
7961
7964
7965
7966
7967
7968
7969
7972
7975
7976
7977
7978
7979
7984
7986
7987
7988
7990
7992
7993
7997
7999
8000
8005
8007
8009
8010
8013
8014
8015
8016
8018
8023
8024
8025
8027
8031
8033
8038
8040
8042
8043
8046
8051
8053
8055
8064
8067
8071
8073
8074
8076
8079
8080
8081
8085
8086
8088
8089
8092
8095
8097
8100
8103
8104
8105
8106
8111
8112
8114
8115
8116
8118
8119
8120
8121
8122
8125
8126
8130
8131
8133
8134
8139
8143
8144
8145
8148
8149
8150
8152
8155
8158
8164
8165
8167
8168
8169
8172
8174
8176
8178
8180
8181
8184
8185
8186
8187
8188
8189
8190
8191
8192
8193
8194
8195
8201
8204
8205
8206
8207
8208
8210
8211
8214
8215
8216
8217
8222
8223
8224
8229
8231
8235
8236
8237
8239
8240
8243
8245
8246
8247
8249
8250
8252
8255
8258
8259
8260
8261
8263
8264
8266
8268
8269
8270
8272
8273
8275
8276
8277
8279
8281
8282
8284
8286
8290
8292
8293
8294
8299
8303
8304
8306
8308
8309
8311
8312
8321
8323
8324
8326
8327
8335
8337
8339
8343
8348
8353
8354
8355
8359
8364
8367
8368
8370
8374
8377
8379
8380
8382
8383
8384
8391
8392
8394
8397
8398
8399
8403
8405
8406
8407
8409
8414
8416
8422
8423
8426
8429
8430
8431
8432
8433
8438
8439
8441
8442
8444
8445
8446
8448
8449
8451
8452
8453
8454
8455
8458
8460
8462
8463
8466
8467
8468
8471
8472
8474
8476
8478
8481
8482
8483
8484
8486
8488
8490
8492
8494
8495
8496
8502
8507
8510
8512
8516
8517
8518
8520
8522
8526
8527
8528
8529
8530
8531
8534
8539
8541
8542
8545
8549
8552
8553
8558
8559
8560
8561
8563
8570
8571
8572
8583
8585
8586
8588
8589
8590
8593
8595
8596
8598
8599
8602
8603
8604
8605
8606
8607
8608
8609
8610
8611
8614
8616
8620
8621
8623
8626
8630
8632
8636
8637
8638
8639
8640
8643
8645
8646
8647
8649
8650
8651
8654
8659
8662
8663
8665
8666
8668
8670
8672
8673
8674
8675
8676
8678
8679
8680
8683
8685
8686
8687
8688
8693
8694
8696
8697
8700
8705
8708
8709
8710
8712
8713
8714
8716
8718
8721
8726
8727
8728
8729
8730
8732
8733
8734
8741
8742
8743
8746
8747
8748
8751
8752
8757
8758
8759
8761
8763
8765
8766
8767
8769
8774
8775
8777
8779
8780
8782
8783
8785
8786
8787
8790
8792
8797
8798
8800
8801
8803
8804
8805
8809
8810
8812
8814
8816
8819
8821
8828
8836
8840
8841
8843
8845
8846
8847
8848
8849
8850
8851
8853
8854
8856
8857
8862
8863
8865
8866
8868
8869
8871
8876
8877
8880
8881
8882
8883
8885
8887
8888
8890
8891
8892
8895
8896
8897
8898
8899
8901
8904
8906
8908
8909
8916
8918
8919
8923
8924
8926
8928
8930
8931
8933
8935
8936
8937
8939
8942
8945
8947
8948
8949
8950
8952
8953
8954
8959
8960
8962
8963
8965
8967
8972
8975
8976
8978
8979
8980
8982
8984
8986
8987
8988
8989
8990
8994
8996
8997
8999
9002
9003
9005
9008
9009
9010
9012
9015
9017
9019
9020
9021
9022
9024
9030
9032
9034
9035
9036
9037
9038
9040
9045
9046
9047
9052
9055
9060
9061
9064
9065
9066
9067
9068
9069
9070
9072
9076
9078
9079
9081
9082
9083
9084
9085
9090
9091
9092
9093
9098
9099
9101
9102
9103
9104
9106
9110
9112
9113
9114
9118
9121
9122
9123
9126
9127
9128
9129
9135
9138
9144
9145
9146
9148
9151
9152
9158
9159
9160
9161
9163
9164
9165
9167
9169
9170
9172
9173
9175
9176
9177
9178
9180
9181
9183
9184
9186
9190
9191
9192
9193
9195
9196
9199
9200
9202
9204
9208
9209
9210
9211
9216
9217
9220
9221
9222
9224
9226
9230
9234
9235
9237
9241
9242
9245
9253
9254
9255
9256
9257
9258
9259
9260
9262
9263
9267
9268
9270
9271
9272
9275
9276
9278
9279
9280
9283
9284
9285
9289
9291
9292
9295
9299
9301
9302
9304
9305
9308
9309
9310
9314
9316
9317
9319
9322
9323
9324
9325
9326
9327
9329
9330
9332
9337
9338
9340
9342
9343
9347
9353
9356
9357
9358
9359
9362
9363
9367
9369
9371
9372
9373
9375
9376
9379
9380
9381
9383
9386
9388
9389
9390
9391
9393
9394
9397
9398
9399
9401
9403
9406
9409
9410
9411
9413
9414
9416
9420
9421
9423
9425
9426
9427
9434
9444
9445
9446
9447
9448
9450
9452
9455
9457
9460
9463
9473
9474
9478
9479
9486
9488
9491
9493
9494
9495
9496
9498
9500
9503
9504
9505
9506
9507
9510
9512
9513
9515
9518
9519
9526
9528
9529
9530
9532
9535
9536
9537
9539
9543
9544
9547
9549
9553
9554
9558
9559
9560
9561
9563
9568
9571
9575
9579
9582
9584
9587
9588
9589
9590
9593
9594
9595
9596
9606
9608
9609
9610
9611
9612
9614
9615
9616
9617
9621
9622
9623
9627
9637
9638
9639
9643
9644
9645
9649
9655
9656
9659
9660
9662
9663
9665
9667
9669
9672
9673
9674
9675
9679
9680
9681
9683
9687
9689
9691
9692
9694
9696
9698
9701
9705
9707
9708
9718
9720
9721
9723
9726
9732
9736
9738
9739
9742
9744
9745
9747
9749
9750
9751
9753
9757
9760
9763
9766
9770
9772
9774
9777
9778
9780
9782
9783
9788
9790
9791
9793
9797
9798
9799
9800
9804
9805
9807
9809
9810
9811
9812
9814
9815
9817
9820
9821
9822
9825
9829
9830
9831
9833
9834
9835
9837
9839
9841
9843
9844
9845
9846
9849
9853
9862
9864
9866
9868
9869
9871
9873
9875
9876
9877
9878
9879
9881
9882
9886
9889
9892
9893
9895
9896
9897
9898
9902
9904
9908
9909
9912
9913
9915
9916
9917
9920
9925
9926
9927
9931
9933
9934
9936
9937
9939
9940
9942
9945
9946
9947
9948
9949
9950
9956
9958
9959
9961
9963
9964
9966
9968
9969
9970
9978
9979
9980
9981
9982
9983
9984
9985
9986
9988
9989
9990
9994
9995
9999
Case #3:
0
2
5
6
9
10
12
19
20
21
23
25
26
28
30
31
34
41
43
45
46
50
51
52
53
56
57
60
62
63
66
72
73
75
77
81
82
83
84
85
86
89
91
92
93
96
99
101
103
106
108
109
111
115
117
118
121
127
130
132
133
135
136
137
138
141
142
145
149
150
151
152
153
154
155
156
157
158
160
163
164
168
171
172
176
180
181
182
188
189
192
194
196
202
203
206
211
212
213
216
220
227
234
235
237
238
240
241
242
245
247
248
250
253
255
256
259
262
263
265
269
271
274
276
278
279
282
283
284
287
291
292
295
296
299
300
303
305
306
308
310
314
315
317
319
320
321
324
330
331
333
335
337
338
340
343
345
347
349
351
355
358
362
364
365
366
367
370
371
373
375
380
383
389
392
393
401
402
403
404
405
407
408
411
417
424
427
430
431
435
436
442
448
451
454
455
456
459
461
464
466
475
478
479
486
487
489
490
493
494
495
498
502
503
505
509
510
512
514
516
518
519
525
528
529
532
533
534
535
537
538
539
542
547
548
549
550
551
553
557
559
560
562
567
568
569
573
579
580
584
585
586
587
588
589
590
596
598
601
606
609
613
614
615
616
617
618
628
629
631
634
635
636
637
638
639
641
642
645
647
649
650
652
653
654
655
657
658
659
660
661
663
664
665
672
673
674
675
677
678
682
683
688
689
690
693
703
705
706
707
710
714
719
720
721
731
732
733
735
738
739
740
742
745
748
749
755
758
760
762
764
766
767
768
771
772
775
776
777
783
785
788
789
792
797
799
803
805
807
808
810
811
816
821
822
823
824
825
827
828
831
833
835
839
840
842
843
845
847
850
852
854
857
858
859
860
864
866
867
869
870
871
872
874
875
876
877
879
880
882
883
885
886
889
890
892
893
896
897
898
902
906
908
909
910
911
913
917
918
923
926
927
928
929
930
932
933
936
937
939
940
941
943
948
949
950
952
953
954
955
957
958
959
962
963
964
965
966
967
968
969
972
975
979
980
981
982
985
989
992
993
994
995
996
997
1003
1009
1010
1011
1013
1018
1020
1021
1025
1026
1027
1029
1030
1031
1032
1038
1039
1041
1046
1052
1055
1057
1058
1060
1062
1065
1067
1068
1069
1071
1077
1079
1080
1082
1085
1086
1091
1092
1093
1095
1099
1100
1102
1104
1105
1109
1110
1111
1112
1114
1116
1120
1122
1124
1125
1126
1127
1128
1130
1131
1134
1135
1136
1137
1138
1139
1141
1144
1145
1147
1148
1150
1155
1159
1161
1164
1165
1168
1169
1170
1171
1173
1174
1177
1178
1180
1183
1185
1188
1191
1194
1197
1199
1200
1203
1204
1206
1208
1211
1212
1215
1216
1217
1218
1221
1222
1225
1229
1230
1231
1232
1233
1234
1236
1239
1240
1243
1244
1250
1251
1255
1256
1258
1260
1262
1266
1267
1268
1269
1274
1275
1276
1278
1283
1284
1286
1292
1295
1297
1299
1300
1302
1303
1304
1308
1309
1310
1311
1313
1315
1316
1317
1318
1319
1322
1323
1328
1332
1333
1334
1335
1337
1338
1339
1340
1343
1344
1345
1349
1352
1353
1354
1355
1357
1359
1362
1363
1364
1365
1370
1371
1376
1379
1383
1385
1386
1387
1388
1389
1391
1392
1396
1397
1399
1400
1402
1403
1405
1406
1407
1414
1419
1420
1426
1427
1428
1429
1430
1432
1435
1436
1437
1439
1440
1441
1442
1444
1445
1447
1448
1451
1452
1454
1455
1456
1458
1462
1463
1465
1466
1467
1470
1476
1478
1479
1480
1485
1486
1487
1493
1494
1501
1504
1507
1508
1515
1516
1517
1519
1522
1524
1525
1526
1527
1528
1529
1530
1531
1535
1539
1542
1545
1546
1548
1549
1550
1551
1552
1553
1554
1558
1559
1560
1562
1563
1565
1566
1567
1568
1569
1576
1577
1582
1583
1584
1585
1586
1587
1588
1591
1592
1593
1595
1597
1600
1601
1603
1604
1606
1610
1615
1616
1619
1623
1631
1635
1636
1637
1638
1639
1640
1642
1643
1648
1650
1651
1652
1653
1655
1658
1662
1663
1665
1674
1675
1676
1681
1682
1685
1687
1690
1691
1696
1697
1699
1702
1705
1706
1708
1709
1711
1712
1714
1717
1718
1719
1720
1722
1723
1727
1728
1731
1734
1735
1736
1738
1741
1742
1744
1747
1751
1753
1754
1756
1757
1758
1759
1761
1763
1764
1765
1768
1769
1772
1777
1778
1780
1783
1784
1785
1787
1795
1796
1803
1807
1809
1810
1811
1812
1813
1814
1815
1818
1820
1822
1823
1827
1828
1830
1832
1833
1834
1835
1837
1842
1844
1846
1848
1849
1852
1854
1855
1857
1859
1861
1864
1865
1867
1869
1870
1871
1872
1874
1876
1880
1884
1885
1886
1887
1889
1894
1895
1900
1901
1902
1907
1909
1910
1911
1913
1914
1915
1919
1920
1922
1926
1930
1931
1932
1934
1935
1936
1939
1940
1941
1942
1943
1948
1950
1958
1959
1963
1966
1967
1969
1970
1971
1972
1975
1979
1981
1984
1987
1989
1992
1993
1996
1997
1998
1999
2003
2006
2007
2009
2015
2016
2019
2020
2021
2023
2026
2027
2028
2029
2031
2032
2034
2038
2040
2041
2043
2047
2052
2055
2057
2059
2062
2069
2071
2078
2079
2082
2085
2086
2087
2088
2091
2093
2094
2095
2096
2097
2098
2099
2103
2106
2107
2109
2111
2112
2113
2114
2115
2116
2121
2122
2123
2125
2129
2130
2131
2132
2137
2138
2139
2141
2143
2145
2146
2147
2148
2149
2150
2153
2154
2155
2157
2158
2162
2165
2167
2168
2169
2171
2174
2180
2181
2185
2186
2190
2191
2194
2195
2197
2199
2205
2207
2208
2210
2211
2214
2216
2218
2222
2226
2228
2229
2230
2231
2232
2234
2235
2239
2245
2247
2248
2249
2250
2251
2252
2257
2259
2265
2266
2267
2268
2271
2274
2276
2277
2278
2280
2281
2282
2284
2285
2289
2290
2292
2295
2296
2301
2302
2304
2307
2309
2310
2311
2313
2314
2320
2321
2323
2324
2325
2326
2327
2328
2329
2330
2331
2333
2334
2336
2337
2338
2339
2343
2346
2347
2349
2350
2351
2354
2356
2358
2360
2362
2364
2367
2368
2369
2371
2372
2373
2375
2376
2377
2379
2383
2385
2386
2387
2388
2390
2398
2399
2400
2401
2403
2405
2407
2411
2416
2417
2418
2420
2422
2423
2424
2425
2426
2430
2431
2436
2439
2440
2443
2444
2448
2449
2450
2456
2457
2458
2459
2462
2467
2470
2471
2472
2473
2479
2481
2484
2487
2488
2489
2491
2493
2494
2496
2499
2501
2503
2506
2508
2511
2512
2514
2515
2517
2519
2520
2522
2523
2525
2526
2527
2529
2531
2535
2538
2539
2541
2543
2544
2545
2547
2548
2550
2552
2554
2555
2559
2566
2569
2578
2579
2580
2582
2586
2587
2589
2592
2594
2595
2598
2599
2600
2601
2602
2605
2609
2610
2611
2614
2618
2620
2621
2622
2624
2626
2630
2640
2641
2642
2643
2644
2647
2649
2650
2651
2652
2654
2659
2661
2662
2665
2668
2672
2673
2676
2678
2679
2680
2681
2684
2685
2686
2688
2689
2690
2691
2692
2695
2696
2698
2700
2701
2707
2712
2715
2716
2717
2718
2720
2722
2725
2726
2727
2730
2731
2732
2733
2734
2735
2740
2745
2746
2747
2750
2754
2758
2762
2763
2768
2773
2778
2783
2784
2785
2786
2787
2789
2790
2792
2795
2798
2799
2800
2802
2803
2804
2807
2809
2810
2813
2814
2815
2816
2817
2819
2821
2822
2823
2824
2825
2826
2827
2828
2830
2831
2835
2842
2844
2846
2848
2849
2850
2851
2853
2854
2855
2861
2862
2863
2869
2872
2877
2878
2882
2884
2886
2891
2892
2895
2901
2902
2904
2905
2906
2907
2908
2910
2911
2913
2917
2920
2922
2923
2925
2928
2929
2930
2931
2932
2934
2936
2941
2943
2948
2949
2951
2952
2953
2959
2960
2961
2964
2966
2967
2969
2970
2973
2975
2976
2977
2978
2979
2981
2983
2990
2991
2992
2995
2997
3001
3002
3004
3005
3006
3010
3012
3013
3015
3016
3017
3018
3020
3021
3022
3023
3024
3025
3027
3030
3032
3033
3034
3038
3039
3040
3042
3045
3047
3048
3049
3050
3053
3054
3055
3057
3059
3060
3062
3063
3064
3066
3067
3068
3072
3075
3076
3082
3084
3087
3091
3095
3098
3099
3101
3102
3103
3104
3107
3109
3110
3112
3114
3116
3117
3119
3120
3125
3126
3128
3131
3133
3134
3135
3136
3137
3143
3145
3146
3147
3149
3152
3153
3155
3157
3158
3159
3161
3164
3165
3166
3168
3171
3173
3174
3179
3180
3182
3184
3185
3186
3189
3193
3195
3199
3202
3204
3210
3212
3216
3219
3220
3223
3224
3226
3229
3230
3232
3235
3237
3238
3239
3240
3242
3245
3246
3247
3248
3249
3252
3255
3256
3257
3258
3259
3263
3264
3267
3268
3269
3271
3272
3273
3274
3275
3276
3280
3281
3282
3283
3284
3285
3289
3292
3294
3300
3302
3303
3307
3308
3309
3310
3314
3315
3316
3317
3319
3322
3325
3328
3332
3333
3334
3335
3339
3340
3341
3342
3343
3345
3347
3350
3351
3354
3356
3357
3358
3362
3363
3364
3367
3371
3372
3373
3375
3377
3378
3379
3380
3385
3389
3392
3393
3394
3397
3398
3400
3401
3403
3407
3408
3409
3411
3412
3414
3416
3417
3419
3420
3425
3428
3429
3434
3436
3438
3440
3441
3442
3443
3446
3449
3451
3452
3454
3455
3456
3457
3458
3462
3467
3472
3473
3474
3475
3478
3480
3481
3482
3484
3487
3488
3489
3490
3491
3492
3494
3496
3497
3498
3499
3500
3501
3502
3503
3504
3507
3509
3511
3512
3518
3519
3520
3521
3523
3524
3525
3526
3533
3534
3535
3541
3547
3549
3551
3557
3559
3562
3566
3568
3569
3574
3575
3577
3580
3583
3586
3587
3601
3604
3606
3608
3609
3612
3614
3615
3616
3617
3619
3620
3623
3625
3627
3630
3632
3633
3635
3636
3637
3638
3639
3641
3642
3643
3645
3647
3651
3653
3655
3660
3661
3666
3668
3671
3673
3678
3681
3682
3686
3689
3691
3697
3698
3699
3701
3709
3713
3716
3719
3720
3725
3729
3730
3733
3736
3737
3739
3740
3741
3742
3745
3746
3748
3749
3751
3752
3754
3755
3756
3757
3758
3759
3760
3763
3768
3777
3780
3781
3788
3789
3790
3793
3794
3795
3799
3801
3802
3805
3806
3808
3809
3810
3815
3816
3818
3826
3829
3830
3832
3834
3835
3838
3839
3840
3842
3843
3845
3849
3852
3853
3855
3856
3857
3858
3859
3860
3862
3864
3866
3867
3871
3873
3875
3878
3880
3881
3883
3887
3891
3894
3895
3899
3904
3905
3906
3908
3911
3913
3916
3919
3923
3925
3927
3928
3929
3931
3932
3935
3936
3937
3938
3939
3941
3950
3951
3952
3955
3956
3959
3960
3963
3964
3969
3973
3975
3976
3978
3980
3982
3985
3986
3988
3990
3991
3993
3995
4000
4001
4003
4004
4009
4011
4013
4014
4017
4020
4021
4022
4023
4024
4025
4026
4027
4028
4029
4030
4033
4034
4035
4036
4039
4040
4042
4043
4048
4053
4055
4057
4059
4061
4065
4067
4068
4073
4078
4079
4081
4084
4086
4087
4088
4089
4090
4091
4094
4096
4097
4098
4100
4102
4104
4105
4107
4108
4109
4110
4111
4112
4113
4116
4117
4118
4120
4122
4123
4124
4129
4130
4131
4132
4134
4135
4136
4140
4141
4142
4145
4147
4148
4150
4154
4155
4156
4157
4159
4160
4161
4164
4166
4171
4172
4173
4176
4178
4181
4183
4184
4185
4188
4190
4192
4202
4203
4205
4206
4207
4209
4210
4213
4214
4215
4219
4221
4222
4224
4227
4229
4230
4232
4233
4234
4235
4237
4241
4242
4246
4247
4249
4251
4252
4254
4257
4261
4265
4266
4267
4270
4272
4276
4278
4279
4280
4281
4284
4285
4286
4287
4288
4289
4290
4291
4293
4294
4295
4296
4297
4299
4300
4301
4307
4309
4312
4313
4319
4321
4322
4323
4324
4328
4330
4332
4333
4334
4340
4341
4343
4345
4353
4355
4358
4359
4362
4363
4366
4369
4371
4373
4374
4377
4378
4381
4382
4385
4386
4387
4388
4391
4394
4400
4401
4402
4409
4417
4419
4420
4425
4427
4428
4430
4431
4432
4433
4436
4437
4438
4439
4440
4442
4443
4444
4445
4447
4451
4453
4454
4455
4457
4461
4463
4468
4470
4473
4478
4479
4484
4485
4486
4487
4490
4492
4494
4495
4497
4498
4500
4501
4503
4506
4509
4510
4512
4514
4518
4521
4523
4524
4525
4532
4534
4535
4536
4537
4538
4539
4541
4543
4544
4545
4548
4551
4552
4555
4556
4557
4558
4560
4561
4564
4565
4566
4572
4574
4576
4578
4580
4586
4587
4588
4590
4592
4593
4595
4596
4597
4598
4599
4601
4603
4604
4605
4609
4610
4611
4613
4614
4616
4619
4620
4621
4622
4623
4624
4628
4630
4631
4632
4633
4634
4636
4637
4638
4639
4644
4646
4649
4650
4653
4654
4655
4656
4657
4658
4663
4665
4667
4669
4677
4683
4684
4685
4691
4692
4695
4696
4698
4699
4700
4701
4702
4708
4709
4712
4713
4714
4717
4719
4720
4724
4728
4729
4733
4734
4736
4739
4741
4742
4743
4746
4747
4748
4749
4750
4753
4754
4755
4757
4758
4759
4761
4762
4763
4764
4766
4770
4772
4775
4777
4778
4780
4781
4782
4783
4789
4790
4792
4793
4794
4796
4797
4799
4800
4806
4807
4808
4810
4814
4817
4820
4822
4824
4828
4835
4837
4839
4841
4843
4844
4845
4846
4847
4848
4853
4855
4856
4858
4859
4861
4862
4863
4864
4867
4868
4870
4871
4872
4873
4874
4878
4879
4882
4885
4886
4888
4889
4890
4897
4898
4900
4902
4904
4908
4909
4910
4911
4912
4913
4915
4917
4918
4923
4924
4925
4926
4927
4930
4931
4932
4933
4934
4936
4937
4943
4944
4946
4947
4948
4949
4950
4952
4953
4954
4958
4961
4962
4963
4967
4968
4974
4975
4978
4979
4980
4982
4989
4990
4991
4996
5000
5003
5006
5010
5011
5013
5014
5016
5017
5018
5020
5022
5023
5025
5027
5031
5039
5040
5041
5048
5049
5050
5052
5053
5058
5061
5068
5071
5072
5074
5077
5079
5080
5084
5087
5092
5093
5095
5096
5099
5101
5103
5104
5105
5106
5107
5109
5111
5112
5113
5116
5119
5122
5124
5125
5126
5128
5129
5131
5132
5136
5139
5140
5141
5142
5145
5146
5148
5149
5151
5153
5155
5157
5159
5160
5167
5172
5173
5174
5175
5183
5187
5188
5196
5197
5198
5199
5200
5202
5203
5204
5208
5209
5211
5215
5217
5219
5220
5221
5224
5228
5231
5233
5235
5238
5239
5240
5241
5243
5244
5247
5248
5250
5252
5253
5254
5255
5257
5258
5259
5260
5261
5263
5264
5266
5267
5274
5275
5277
5278
5282
5283
5289
5290
5291
5292
5293
5296
5298
5301
5304
5305
5306
5307
5310
5311
5315
5321
5322
5323
5324
5325
5326
5328
5331
5332
5334
5336
5338
5339
5340
5341
5342
5343
5344
5345
5346
5349
5353
5354
5355
5359
5363
5364
5365
5366
5371
5372
5373
5375
5377
5378
5381
5383
5385
5388
5391
5392
5397
5402
5403
5404
5408
5409
5411
5413
5417
5418
5420
5421
5424
5427
5428
5429
5430
5431
5432
5434
5435
5437
5438
5439
5440
5441
5443
5445
5447
5449
5450
5451
5454
5455
5458
5460
5462
5463
5464
5467
5469
5471
5475
5476
5479
5480
5481
5482
5483
5484
5485
5486
5488
5491
5493
5495
5500
5502
5503
5504
5505
5511
5512
5513
5514
5515
5518
5519
5521
5531
5532
5533
5534
5536
5537
5539
5543
5544
5545
5547
5548
5549
5550
5551
5553
5555
5558
5563
5564
5565
5566
5570
5576
5578
5579
5586
5589
5591
5592
5596
5598
5608
5611
5614
5617
5621
5622
5623
5624
5626
5627
5630
5632
5633
5637
5638
5639
5640
5645
5654
5655
5656
5657
5660
5661
5668
5669
5670
5673
5679
5685
5686
5689
5696
5698
5702
5705
5707
5708
5711
5714
5715
5718
5720
5723
5725
5727
5728
5729
5731
5732
5733
5734
5735
5737
5739
5740
5741
5744
5746
5747
5754
5755
5756
5757
5759
5764
5766
5767
5768
5771
5772
5773
5774
5776
5779
5782
5783
5785
5790
5791
5793
5794
5796
5799
5803
5804
5805
5808
5811
5813
5819
5820
5821
5824
5825
5828
5830
5832
5833
5834
5837
5838
5839
5840
5841
5842
5843
5845
5847
5851
5854
5855
5856
5857
5858
5861
5863
5866
5867
5868
5871
5872
5873
5876
5878
5879
5880
5881
5883
5884
5885
5893
5894
5895
5896
5897
5900
5902
5903
5906
5907
5911
5912
5916
5919
5924
5925
5926
5929
5930
5934
5938
5939
5941
5943
5944
5945
5946
5948
5949
5950
5951
5952
5953
5955
5956
5957
5958
5959
5962
5963
5964
5966
5967
5972
5973
5974
5979
5980
5981
5982
5983
5984
5985
5989
5990
5991
5993
5995
5996
5997
6000
6001
6010
6014
6015
6018
6022
6024
6026
6027
6028
6030
6031
6032
6033
6034
6035
6036
6038
6045
6046
6052
6054
6058
6060
6063
6067
6069
6070
6073
6074
6075
6080
6082
6090
6097
6101
6104
6105
6106
6107
6109
6111
6112
6113
6114
6115
6116
6117
6118
6119
6120
6125
6134
6135
6140
6142
6144
6151
6152
6154
6155
6156
6159
6161
6164
6165
6166
6168
6171
6174
6177
6180
6185
6188
6196
6202
6205
6207
6209
6210
6211
6212
6213
6216
6218
6221
6224
6225
6228
6231
6232
6234
6235
6236
6239
6246
6252
6253
6254
6257
6259
6262
6263
6267
6269
6271
6272
6273
6274
6276
6278
6283
6284
6285
6286
6288
6290
6291
6300
6302
6304
6306
6307
6308
6310
6311
6313
6314
6315
6316
6321
6322
6324
6325
6327
6328
6330
6331
6332
6334
6338
6339
6342
6347
6349
6350
6355
6356
6357
6360
6361
6362
6363
6364
6365
6366
6368
6370
6372
6375
6379
6382
6384
6388
6394
6395
6396
6398
6401
6403
6404
6405
6408
6410
6411
6412
6419
6421
6424
6425
6428
6429
6431
6433
6434
6439
6441
6442
6443
6444
6445
6448
6450
6451
6452
6453
6459
6460
6461
6462
6464
6468
6471
6472
6474
6476
6477
6480
6483
6484
6486
6490
6491
6492
6494
6495
6497
6498
6500
6502
6504
6506
6508
6509
6510
6511
6512
6513
6515
6516
6517
6518
6519
6520
6526
6527
6528
6530
6531
6532
6533
6534
6536
6539
6541
6543
6547
6548
6549
6551
6553
6554
6555
6556
6557
6560
6562
6564
6565
6568
6570
6571
6574
6575
6576
6577
6579
6580
6581
6583
6585
6587
6590
6593
6595
6597
6599
6601
6602
6604
6606
6608
6610
6612
6613
6614
6615
6616
6617
6619
6621
6622
6628
6631
6632
6633
6634
6636
6637
6638
6640
6642
6646
6647
6649
6655
6658
6659
6661
6665
6666
6667
6669
6671
6673
6674
6676
6678
6679
6680
6681
6682
6684
6686
6687
6691
6694
6697
6700
6703
6704
6705
6706
6711
6712
6713
6714
6715
6720
6721
6722
6723
6724
6726
6727
6728
6729
6732
6734
6736
6738
6739
6741
6742
6746
6748
6749
6753
6754
6756
6758
6761
6762
6763
6764
6767
6768
6769
6771
6773
6774
6779
6782
6784
6790
6792
6795
6799
6800
6802
6803
6806
6808
6810
6811
6814
6821
6822
6823
6824
6825
6828
6830
6832
6834
6835
6836
6838
6842
6843
6846
6849
6852
6853
6859
6860
6862
6866
6867
6868
6870
6871
6876
6877
6879
6880
6889
6891
6892
6893
6894
6895
6898
6899
6904
6905
6910
6911
6912
6913
6915
6916
6918
6920
6921
6922
6924
6925
6926
6927
6928
6932
6936
6937
6940
6941
6942
6944
6945
6946
6948
6949
6955
6956
6957
6963
6964
6966
6969
6971
6975
6976
6977
6983
6987
6988
6989
6991
6996
6997
6998
6999
7001
7002
7003
7004
7005
7011
7012
7015
7018
7020
7021
7022
7023
7024
7026
7027
7033
7034
7035
7043
7044
7047
7049
7053
7054
7056
7058
7060
7061
7063
7065
7067
7068
7070
7071
7072
7078
7079
7081
7082
7087
7089
7090
7091
7092
7096
7097
7098
7100
7102
7105
7107
7112
7113
7115
7116
7119
7121
7122
7123
7124
7125
7126
7127
7130
7132
7133
7135
7137
7140
7144
7145
7146
7149
7153
7157
7158
7159
7162
7163
7164
7165
7166
7169
7171
7173
7174
7175
7184
7187
7189
7192
7193
7195
7196
7198
7199
7201
7202
7208
7213
7215
7216
7219
7220
7221
7223
7227
7228
7229
7230
7231
7235
7238
7239
7244
7248
7249
7254
7255
7257
7259
7261
7263
7264
7269
7270
7272
7273
7277
7278
7279
7280
7281
7282
7283
7285
7287
7289
7291
7296
7299
7300
7301
7303
7304
7306
7307
7311
7312
7313
7317
7318
7319
7321
7327
7331
7335
7336
7339
7344
7348
7350
7351
7352
7353
7355
7356
7359
7360
7361
7363
7364
7368
7370
7371
7373
7374
7375
7378
7379
7382
7383
7384
7385
7386
7388
7389
7390
7394
7396
7397
7400
7402
7403
7404
7405
7406
7408
7410
7411
7412
7416
7417
7418
7420
7422
7423
7426
7427
7430
7431
7433
7434
7435
7438
7439
7443
7447
7449
7450
7451
7452
7456
7458
7459
7461
7465
7466
7468
7470
7473
7474
7476
7477
7478
7479
7481
7484
7485
7488
7489
7490
7491
7494
7496
7499
7500
7501
7502
7503
7509
7510
7516
7522
7526
7527
7529
7531
7532
7533
7534
7535
7537
7538
7541
7543
7544
7545
7546
7548
7549
7551
7552
7553
7555
7556
7557
7558
7559
7561
7562
7563
7564
7566
7567
7568
7570
7571
7572
7573
7575
7577
7580
7582
7584
7585
7589
7591
7593
7595
7596
7597
7601
7602
7603
7604
7607
7608
7612
7613
7614
7617
7618
7619
7627
7630
7634
7635
7637
7643
7644
7645
7646
7647
7652
7654
7655
7657
7659
7660
7661
7662
7663
7669
7672
7673
7674
7676
7678
7679
7680
7682
7687
7688
7691
7693
7701
7703
7705
7706
7708
7710
7713
7714
7715
7716
7717
7719
7720
7721
7723
7726
7728
7731
7732
7735
7736
7737
7738
7739
7741
7742
7746
7747
7748
7751
7752
7755
7756
7763
7764
7769
7770
7773
7776
7777
7779
7783
7784
7792
7794
7796
7797
7799
7800
7802
7803
7804
7808
7810
7811
7813
7815
7817
7818
7820
7822
7827
7829
7831
7832
7833
7836
7843
7844
7847
7848
7851
7853
7854
7856
7859
7865
7867
7868
7870
7873
7874
7877
7878
7879
7880
7881
7890
7891
7894
7896
7897
7898
7900
7901
7905
7908
7909
7912
7915
7918
7921
7922
7924
7926
7928
7931
7932
7933
7934
7939
7943
7944
7946
7947
7952
7953
7957
7959
7961
7963
7965
7966
7971
7975
7977
7978
7979
7981
7983
7992
7994
7995
7997
8002
8003
8006
8008
8011
8012
8014
8015
8017
8020
8023
8028
8030
8034
8042
8043
8046
8047
8048
8049
8050
8051
8055
8059
8060
8061
8062
8063
8064
8068
8072
8073
8074
8075
8079
8080
8086
8088
8089
8090
8094
8097
8099
8102
8103
8104
8107
8109
8110
8111
8112
8113
8114
8115
8119
8122
8133
8134
8136
8137
8138
8139
8143
8149
8150
8151
8152
8155
8160
8164
8165
8166
8168
8169
8170
8171
8172
8173
8174
8175
8177
8178
8179
8180
8181
8182
8185
8187
8188
8195
8197
8198
8204
8205
8206
8207
8209
8211
8212
8213
8218
8226
8235
8236
8240
8242
8245
8248
8249
8251
8253
8254
8256
8259
8261
8264
8266
8267
8269
8270
8271
8279
8281
8282
8287
8288
8289
8290
8291
8293
8295
8296
8297
8300
8301
8302
8303
8306
8309
8310
8320
8321
8322
8323
8325
8326
8327
8328
8329
8330
8332
8333
8334
8335
8338
8340
8344
8348
8352
8353
8355
8356
8357
8358
8363
8364
8365
8368
8369
8373
8375
8376
8377
8380
8381
8382
8383
8385
8387
8389
8390
8393
8395
8398
8399
8404
8406
8408
8410
8411
8412
8415
8418
8419
8422
8425
8426
8429
8432
8440
8441
8442
8444
8445
8446
8448
8450
8453
8454
8455
8457
8458
8463
8464
8466
8468
8469
8473
8478
8479
8482
8483
8484
8492
8493
8496
8498
8499
8500
8501
8502
8509
8510
8515
8516
8518
8524
8526
8530
8531
8532
8533
8534
8535
8536
8538
8539
8540
8542
8543
8544
8545
8555
8556
8557
8558
8559
8560
8561
8565
8566
8567
8571
8572
8573
8576
8577
8579
8580
8582
8583
8584
8585
8588
8589
8590
8591
8593
8594
8597
8598
8600
8601
8604
8608
8610
8612
8614
8620
8621
8622
8623
8628
8631
8632
8634
8636
8641
8642
8643
8644
8646
8649
8651
8653
8656
8659
8661
8663
8664
8665
8666
8668
8669
8670
8674
8675
8677
8678
8681
8682
8683
8686
8690
8692
8693
8694
8698
8700
8703
8705
8706
8710
8711
8717
8719
8720
8721
8722
8725
8726
8727
8728
8730
8733
8737
8739
8741
8748
8749
8750
8751
8753
8754
8755
8759
8761
8765
8769
8770
8773
8776
8777
8778
8779
8784
8785
8786
8787
8789
8790
8793
8794
8797
8798
8799
8802
8803
8806
8807
8808
8811
8812
8814
8817
8821
8823
8825
8826
8827
8828
8831
8832
8833
8835
8836
8841
8842
8843
8844
8845
8847
8850
8854
8855
8856
8857
8860
8866
8867
8871
8872
8873
8881
8882
8883
8886
8887
8888
8889
8890
8891
8893
8894
8898
8900
8901
8902
8904
8907
8913
8915
8916
8917
8919
8920
8923
8924
8925
8926
8927
8931
8933
8934
8935
8936
8942
8945
8947
8948
8954
8956
8961
8964
8965
8966
8968
8971
8973
8976
8978
8981
8983
8984
8985
8986
8988
8989
8991
8995
8996
8997
8998
9000
9002
9004
9005
9008
9009
9014
9015
9016
9018
9026
9027
9028
9029
9030
9031
9032
9034
9037
9038
9039
9041
9042
9046
9047
9051
9054
9057
9058
9059
9063
9064
9065
9066
9067
9077
9078
9079
9084
9085
9086
9087
9090
9092
9093
9094
9096
9097
9098
9099
9100
9101
9103
9104
9106
9109
9110
9113
9118
9119
9122
9123
9125
9126
9127
9131
9132
9134
9135
9136
9138
9139
9140
9142
9144
9145
9147
9148
9149
9151
9156
9157
9158
9159
9161
9165
9166
9167
9171
9173
9174
9175
9177
9178
9179
9180
9181
9183
9186
9188
9190
9191
9192
9195
9196
9199
9200
9202
9203
9204
9206
9210
9211
9212
9215
9217
9218
9220
9221
9224
9225
9231
9232
9233
9236
9237
9239
9240
9243
9248
9249
9253
9254
9255
9260
9262
9264
9266
9268
9271
9272
9275
9276
9280
9282
9284
9286
9288
9289
9292
9294
9298
9299
9300
9301
9303
9304
9310
9312
9317
9319
9320
9321
9322
9324
9326
9327
9332
9333
9334
9336
9337
9338
9343
9346
9348
9350
9352
9354
9356
9358
9359
9361
9362
9363
9366
9374
9379
9381
9383
9385
9386
9387
9388
9391
9393
9397
9405
9406
9409
9412
9415
9417
9422
9425
9427
9429
9430
9432
9434
9436
9439
9440
9446
9447
9449
9450
9451
9454
9456
9458
9460
9461
9464
9465
9468
9469
9471
9472
9474
9477
9478
9479
9481
9482
9484
9486
9487
9490
9492
9493
9494
9496
9498
9500
9501
9502
9503
9504
9505
9506
9507
9512
9513
9514
9515
9521
9527
9529
9533
9534
9535
9541
9542
9546
9549
9550
9553
9556
9557
9559
9562
9563
9564
9569
9571
9573
9574
9576
9578
9579
9580
9583
9586
9588
9589
9590
9592
9593
9594
9595
9596
9598
9601
9602
9604
9606
9611
9615
9617
9618
9620
9624
9625
9626
9627
9630
9631
9634
9635
9638
9641
9642
9644
9645
9646
9651
9652
9656
9657
9658
9659
9666
9671
9673
9674
9675
9677
9678
9679
9680
9684
9686
9692
9695
9696
9697
9699
9700
9703
9705
9706
9710
9715
9723
9727
9728
9731
9732
9736
9737
9738
9741
9744
9746
9747
9749
9754
9756
9757
9758
9761
9762
9763
9764
9768
9769
9774
9775
9777
9778
9779
9781
9782
9789
9790
9791
9797
9798
9802
9805
9807
9809
9813
9815
9816
9819
9820
9821
9823
9824
9825
9828
9831
9833
9840
9842
9843
9845
9847
9851
9852
9853
9854
9855
9857
9858
9859
9860
9861
9862
9863
9865
9867
9868
9870
9874
9877
9882
9883
9884
9887
9889
9890
9891
9894
9895
9896
9897
9898
9900
9901
9903
9905
9913
9918
9922
9926
9927
9928
9929
9930
9932
9933
9935
9938
9939
9941
9942
9945
9955
9960
9964
9966
9970
9972
9974
9977
9980
9981
9984
9986
9987
9989
9990
9992
9995
9998
9999
