Case #1:
109145.3408136550
93933.3232260344
34408.4314821259
44847.5307448885
34736.9801673061
36578.6457094297
49527.6592874281
56258.6548254333
55849.9880974328
6830.7277546990
49896.9598272542
45100.3029317996
2165.2074397633
45528.0158101257
43105.3019454168
75806.6386648071
53260.2116960868
34639.1558939942
20756.4150018010
27597.4342320950
71799.5707973953
68977.2831138182
42750.4785490273
25832.6532244006
52123.1153238521
95050.8081846574
86072.8872953712
19171.6141645418
23712.4748651317
63541.7747972756
60376.6474953922
64656.0718043253
133910.2124524645
72475.2768220621
195193.9558250525
17627.2873191376
337527.2065028200
28662.6903419350
33959.7495751164
Case #2:
831805.0000000000
1289.8100635365
1289.8100635365
1289.8100635365
1289.8100635365
2.0000000000
1289.8100635365
1289.8100635365
831805.0000000000
2.0000000000
831805.0000000000
1289.8100635365
2.0000000000
1289.8100635365
831805.0000000000
1289.8100635365
2.0000000000
2.0000000000
831805.0000000000
831805.0000000000
1289.8100635365
2.0000000000
2.0000000000
1289.8100635365
1289.8100635365
2.0000000000
1289.8100635365
1289.8100635365
1289.8100635365
1289.8100635365
1289.8100635365
1289.8100635365
1289.8100635365
831805.0000000000
1289.8100635365
2.0000000000
1289.8100635365
1289.8100635365
2.0000000000
1289.8100635365
1289.8100635365
1289.8100635365
2.0000000000
831805.0000000000
1289.8100635365
1289.8100635365
1289.8100635365
831805.0000000000
1289.8100635365
2.0000000000
2.0000000000
1289.8100635365
831805.0000000000
1289.8100635365
1289.8100635365
831805.0000000000
831805.0000000000
2.0000000000
1289.8100635365
1289.8100635365
1289.8100635365
1289.8100635365
831805.0000000000
1289.8100635365
1289.8100635365
2.0000000000
831805.0000000000
1289.8100635365
1289.8100635365
1289.8100635365
1289.8100635365
1289.8100635365
1289.8100635365
1289.8100635365
1289.8100635365
1289.8100635365
1289.8100635365
2.0000000000
1289.8100635365
2.0000000000
1289.8100635365
831805.0000000000
2.0000000000
831805.0000000000
2.0000000000
831805.0000000000
1289.8100635365
2.0000000000
1289.8100635365
2.0000000000
1289.8100635365
Case #3:
149668.2983735161
41205.4610356089
19761.9896429529
41262.2721297676
56956.4151383530
139278.9305742158
2525.1672370296
36329.7971012130
21494.7982501769
48.6557102910
23302.2150807254
61201.2043652201
40218.7181577292
23924.5575148667
41262.2721297676
9535601.4606207195
19600.9061374634
173777.4523092509
18406.1302732221
3570.3698870889
21913.6167035713
24427.5952561852
20219.4112562825
2541.4016682143
8436.7588323421
23231.3557731931
109296.8037542805
107879.8820444949
133205.3324689581
35858.6512446837
304.1970493589
24625.0118405008
34115.7294403050
35399.8814694083
197.7134134717
Case #4:
6325.2748620118
56332.2181214960
106325.0385193100
283080.5536915753
447763.0006053471
359310.4104467181
272044.1996950352
33406.3120912791
210920.2320035090
820039.4098594284
1621922.8607816152
572776847.3064943361
235443.6928460823
1101168.6244851407
Case #5:
2041.2674078734
1399.3130345832
1197922.4265901119
35783.9803575977
50094.7562394824
32312.9582005054
19993.5313016662
139233.1311822983
43833.0709597917
24641.8765204981
31360.5940574602
12502.2858128841
43391.3622841339
56806.7172908490
719246.5321108897
18255.4840921828
39843.8931475409
468212.7548800495
11984.6046911793
85747.9419376584
25569.2969727228
900694.0684798621
4096.8124847108
53884.1211862915
28698.8800019269
29467.3393625477
29382.6039770905
111.5987188254
34670.8392239921
11556.0217791201
57017.9643242605
11110.5133374678
32680.1540927731
22953.5974708462
82191.6266234290
11260.0873937642
13377.5676024968
38464.8020619467
32878.4595730191
6371343.9835909935
23664.7322190639
17924.0876418147
558.8420666857
58339.5355242841
28995.1141176709
41069.0933734549
94144.7765399169
44341.8421518832
29489.6260283175
101850.7271673180
29258.8818835934
13586.1177539897
22541.2812663605
4350.0144768653
1745.5297844670
209.4176991329
6371343.9835909935
56462.8562119154
11939746.5120860873
4305.7310555105
11539.0000000000
19586.4546417222
28936.8371473357
65850.1399997584
68156.5938807229
12093.4219946136
28358.8589920570
9793.3324192162
46978.2377518594
Case #6:
29655.6657586073
34609.6850893835
39657.9931532726
35626.2063613206
31694.8911995772
44383.2245621366
30584.0495825250
42674.2716992583
27954.1526871163
31533.0271776490
30419.5233645117
37531.4804732219
33316.7604726661
4014.7260218801
29010.7408681415
30897.0367228364
12155.7573462602
33754.7015532162
33760.6749640536
2878.3457261622
29046.7475033010
31427.5515495339
38345.0712129176
29797.7927454836
30338.3740088893
3564.9952363806
39220.0562612887
26461.3610637078
31204.4280209451
49589.3877037701
60382.1796325742
34994.7483488643
12871.6823665109
30081.2417770275
20707.8744148248
33073.7036499104
50622.5911069395
28548.1030370816
39683.1564965459
32179.7101955895
28321.0396404975
26242.3862649070
23220.7742049929
27334.6350378939
40185.8591112037
51404.9746387168
81491.5697975028
50429.4139525959
3940.9164129928
33061.6859455623
47329.8910636631
49801.7859436969
62163.4148946287
21794.6707793197
19084.2800334573
28160.2622229530
83271.4970477659
34250.9144515696
54799.2515533245
35820.5442664211
33104.6696258994
17808.8366559920
8633.5006017690
28158.3824038440
38818.6173235828
27226.8430825929
55654.1327343055
29127.7895841483
33960.7639286503
40161.5639617331
38050.0245672499
28233.0188863481
13675.1174748337
187728.1024885081
44488.6925095048
22444.5714418276
20726.6436230704
30413.6377204886
26611.4047383409
30785.7373786397
24856.7529856885
31866.6563785679
33933.0902356922
34145.9468802917
42983.7789270867
31369.4992447583
24114.1609120220
41425.0529290116
31557.8600985198
19071.6635971291
88859.7784983385
36216.3710315635
33551.2943267282
21496.8524900692
21869.1668929950
29849.5931840887
155924.7053519800
23352.3176597228
35202.3733709746
32429.9455762052
Case #7:
57992.5225061207
61367.4385276883
48508.7760047547
57963.2911136499
46661.9540921425
156530.7064534185
44551.4734265128
77528.5156914213
236587.6327450760
65577.1027283757
37998.8173150187
94931.9341579406
31952.4689461264
58227.9568671500
54519.3791656929
43975.2720919672
48302.8759648460
53802.5807068544
55808.3665007708
50893.1293230158
54330.0175326847
55350.6196684945
52320.5253963099
54728.7985180613
46219.1216312002
54014.1517967798
53488.2342347518
52667.1911445282
45809.1576836954
54846.5480461962
50328.5296297058
32990.4751003375
53734.3176244149
79077.0206488507
55502.3447185362
79860.8892066159
61699.4031311978
80464.9945438957
62846.0471438341
54638.6195851075
49290.8206397298
45147.9913502444
50762.4076017943
64079.2204240658
59035.8310346551
57615.6060052527
67971.6736401554
51547.5312181368
32893.6147592349
45149.2760538946
75377.0758206636
43483.8277082074
55886.0630251636
49238.3020316114
56432.2021347141
99369.8798356539
78854.0031806804
99418.1632763289
50217.8123295154
25273.3600129960
50530.9550956219
47330.5270872088
46214.0112859522
70869.5932430906
88093.6966959976
69456.6720772914
77842.0192561817
53722.0460448301
51422.3263542060
61821.5857462934
58908.4324729403
26688.4633878471
53204.3303757412
3322626.4433930878
57779.0276444401
50573.4088335490
51672.5131650189
59425.3760808997
57738.3101211008
116855.1588925630
45270.1123604321
41349.5711102660
49645.2277265752
45503.9933438450
75001.3067768381
5778.7355103660
23446.1984590895
47732.3891069853
54539.2043632199
60304.1474015805
55885.3239263392
59731.4064534148
52071.0310048583
51377.3615627623
53673.3690044226
44436.6692231712
67339.6708076155
56774.0561835703
38595.7854405637
55267.7915676042
Case #8:
1032.6650409434
29170.7083771385
36302.6250304849
Case #9:
5724246.6753276802
181.0165738268
1.0000000000
Case #10:
3479.0323783748
37008.5168616714
21522.2161517543
9043.9206983673
22792.6572492317
11536.1367627354
576328.1240519005
514.5629213226
65283.0233347954
14593.7139448542
30.2158082993
15556.5438549832
6392.3944881640
339.7881693055
5682.3052049430
5.0000000000
3235.4288025066
28253.4201944448
69650.6630898877
12122.7352062391
6162.3786792113
15182.4098033020
1171.3705845254
33064.1239637249
43828.5135512586
927.6162999862
530.9396803793
65629.0595010084
12470.9350575327
Case #11:
52000.8840024957
107847.8363646902
21544.4072574538
48938.1717967678
33473.0682051744
17167.7371667587
77484.8047584212
28807.5535623944
14710.1701877213
26457.3915993180
9273.9028625180
38547.4243617012
40879.6171265251
43534.3406567766
27217.7437688718
39678.7138362093
28408.1110124580
19144.9513143967
34149.3381419864
38277.5322269767
41934.3608977107
249661.8922444809
39315.8317544522
32959.4376729587
57835.0226854940
44533.6935157281
33469.9555455947
25809.7951621705
44187.1003264599
67215.0122325958
193036.2806489931
27721.1025091301
94771.5146390848
48609.7078438995
21305.9256253722
35306.7387357407
14487.6329921266
25889.8228351011
43150.2570922239
25258.9696133236
80431.3601581139
56388.5281248539
70556.4086898302
24510.2524500417
37680.7287180751
26138.6194481578
100918.1434464715
76821.4479649123
37591.0573028528
67473.0708037770
43390.5668886386
35209.2753975058
31229.0365789848
41889.4852111453
42233.2087818665
68069.3565006839
83446.8442194763
30653.2689120164
85664.8464705753
22855.0697145663
59058.9502885251
38782.8856596058
43529.9478982259
30950.9097840372
68406.3472287300
25699.7673106016
51708.4499160936
61987.4692200916
21353.0326252837
24025.1346130560
27930.1977436971
106906.1367666956
41289.4774384995
35900.8549921691
66338.1062510512
31297.7629098931
11647.8633020094
75991.9818014255
25455.9366526237
53737.0465983752
40121.5706507390
195444.1738733017
37075.0049023443
56556.7488192956
36333.3923256556
25306.4818510660
35397.9173352009
51757.3449693605
385551.2299721508
32350.8711844133
38963.0085260469
33492.4513287326
13916.9182384922
29895.4105977896
29777.8211852474
22957.9340764110
118454.4529256672
48739.2513162217
47468.8253114533
141463.7278996669
Case #12:
31598.6266555912
5413.4763558918
7117.1716630789
12212.9532421795
11336.2945816190
3814.3363806963
10256.1049768372
26661.8269051257
29929.6955474604
24351.1601582151
39136.9458080494
41316.9690821528
1540.2269784692
5998.7500963023
11490.7296370906
5876.6704327760
85922.0596230880
7878.9653815599
8722.9895095141
7953.6397712716
9131.9306883311
29255.1923785068
8839.0303145672
6874.6144747868
13749.2580993694
9841.4621438068
8682.9601476919
13223.1540949357
2942.5014063637
7794.6370923016
7366.7071521290
6363.3218654502
9801.1242893384
7196.2185695324
9827.4580037602
4130.6925579645
7216.8342914655
10764.9942611267
26290.3073693508
60495.8412752958
45328.0690806114
770.3119334705
12742.0901906557
38060.9046586596
79189.8754953632
5725.3434960932
5121.1115722787
6138.5220441145
1104.5697294963
12173.4743759179
44283.9859644394
20070.9878783019
3165.9088026463
39634.1482707315
49227.5577113115
10491.6095409741
6159.3988853061
29380.1745392410
10593.7733259692
7.0000000000
10257.0972333377
8663.5139730804
3065.5478827324
Case #13:
131300.3700404080
521296.9845620739
725087.3594106397
134890.3495285421
82543.6480961443
238316.2747556392
148772.0701526467
41455.5832141962
75129.4687953674
206916.4209346940
542718.6715375373
8824.4115420238
370694.5659864425
247.3974416404
68832.9535132966
17356.3997504682
59101.7483591698
19472.0848424602
2329827.0214298230
8765.6200994685
23186.4010034178
2384627.7034719064
150457.7546289631
41198.3572086888
183205.0772484129
263302.9160316103
108263.6273720825
163837.5177960280
111669.0610158331
287401.6375348019
217771.1227123670
227773.1697277089
162653.4662574913
17310309.1548986834
3673.0307486550
22719.4309563683
90053.1583696720
388281.7831274017
575646.1119038328
35749.2587309794
834920.3163512359
16424.3015014797
180252.0883014856
1641153.6769924663
276026.8407903988
359299.4517592616
64589.6302698127
352646.8979652886
369461.1297014402
544683.9306123278
617675.7868383183
164630.8273317433
63861.3852133648
105126.4377928233
59488186.4120634414
57211.9633838240
224410.7117625003
377134.2781053219
30228.7807909666
49120.7507511282
165440.3509456863
34795.1559467703
196130.6301185623
35262.4193734990
191236.4403801978
260307.4964586303
22271.5163691322
18680.4122178544
33145.9830606723
13234.0407387180
394359.6584740674
Case #14:
44025.7737557712
64489.0928380679
48783.9397537786
76443.2037710105
54567.2638596649
50478.1082417467
56441.0969906804
92153.8322013614
50158.0490836450
56588.9800698375
50174.2245724126
21358.2598213357
94586.0829276786
36542.1944390312
25583.0902722245
135851.0886406971
Case #15:
7131.2582828616
2388.8763014961
12507.7117523333
5356.9644695358
7716.6445415593
5310.8708536444
409296.1061268349
27285.9065871979
9858.5398228397
7324.4245148975
191.1137540447
8605.5591165240
14945.9597391615
4559.0346911129
2166709.4099872867
14719.2750523552
9291.0758480997
10310.0095491718
10682.2246967422
47648.9399231546
20842.1974399467
8245.2918330149
37937.7057169272
2082.8238405546
11736.9561653502
11093.1363158259
17805.6544113217
1650.6455841303
9165.3570094814
12516.7402690288
9761.4440366271
6660.8533067331
729914.8353189671
264.1228968944
18435.9619967964
15595.8231478241
13980.6385171820
26635.8752711518
12505.4382349203
10117.9595977670
13310.3814405693
1147.1718907777
2420.3208138275
7595.9574712894
16110.5356672012
18212.3669703209
22863.1151674115
8207.1682653620
3547.7791553621
27445.4761451113
7713.5284287294
6797.4104645857
1451358.6961691196
2111.3968177168
8613.5092352930
62351.7132007574
16234.9649275635
2099984.8800326425
42118.4461059124
29486.0816110825
3672.5181439893
2808.9522260512
55697.7091633713
9217.3969144202
11463.3572399620
40615.9833892670
7887930.8041061036
4839.3524826817
4047.5049329713
8609.8868982437
1205.5666597946
8740.9299933531
44453.1022926188
1499.6433198671
12914.9913351345
3933.7573296708
9173.8679265444
Case #16:
19836.7266857881
20992.1462937040
135452.7245861493
12393.9132200037
3414032.6611196912
16644.8502476627
37567.5880203640
95534.3968605141
7494.8948291707
320811.4874009247
33865.5091007311
95059.2823897524
11124.2749576724
302937.5366441792
37389.7026484073
345161.3499649530
203647.8343772250
87275.1635979973
350572202.0000000000
142718.3177174951
76127.0533384815
30824.5429538542
92276.9672490504
1363912.3150496972
4011130.6648958357
628486.2345362908
106734.9378183159
90020.5905706835
330668402.9085511922
802265.7123734707
139137997.1865875177
68074.3493831875
21490.1619925256
54797.3238127651
133094.8365796442
247822.1461193413
29530.5498923830
560577.3106957381
23701.6790048528
40312.9362458104
37066.7600983418
119378.6443442131
34342.0873795748
713946.8557040466
64990.0153716441
45560.4401676882
1220004.3594505694
35833.9266791972
419824.9393781281
108913.0244189719
69626.7391227573
1529191.0669193374
16205.9960820129
42116.0335251543
139026.8847426918
372.2257428465
424651.7030351593
1307844.2744068286
21253.6691157663
345161.3499649530
36190.9502885113
31347.8506395649
708589.0817064715
69862.9423133204
8039.6125946914
87502.3155752632
2576864.2226806085
8064.0000000000
92749.6946136254
45405.3773512042
35650.1338766431
32534.0096213989
109464.0373082603
51445.8166827720
81260.3853509909
90150.4895874828
85246.0864761733
105375.3891680465
51732.4855150989
306047.1368073369
33295.6964971542
61069.8533310152
6321.5164456772
82213.6694430693
23292.2446806761
92197.0000000000
78036.4786494111
9723.0400029818
51572.0864114960
37397.1461389397
79807.3010228641
45590.0324985020
127259.5392440997
44713.6792571240
92218.9954710560
Case #17:
18581.6722355580
4615.0232134904
92140.4116914817
23317.2675393472
2859.4360572404
27071.8676713465
1265.5947369932
106172.2234403528
22449.0191696785
24210.4642077739
25371.3035566864
13579.5470377518
37358.1836343776
6018681.3153362787
716.2194106452
29007.1450541878
55120.3741729023
20730.1372300724
64857.6028796358
4664.2823305307
171621.2980948860
3511.2066044562
4102.3607023439
567329273.7785904628
31767.5062608025
13069.2571985613
208248.9742191213
31413.4914952656
53289.2007715414
21911.2514271673
12981.5005383579
173691.9865274165
87093.7401065448
79079.4175400627
30530.8749196617
21468.0531715675
16536.7526924645
16157.6789485595
12766.9796245432
23613.1074083032
44685.3836213204
43545.1344210910
60607.6448974012
27879.1347168455
44651.5183589494
14289.6883860036
9419.0853437030
19552.5611963382
Case #18:
95298.7180482300
73690.0286332755
53397.6760602029
5468.9670927151
1459518.5355256265
13687.5396439825
75976.0252181972
712091.8006028757
4388.8182431028
59311.8164007340
55621.0300402991
78371.2810422568
2599.4894240998
19826.8731115196
2592.1749734211
231686.1776000707
55024.2221348242
161047.5232469997
150997.0999860056
221949.3612278945
10509.4385620421
7101.7858467051
82702.0498521725
24797.4471898192
54028.0450297669
11827065.9944718574
156385.9305076359
45083.2622256307
100237.4004677036
11827065.9944718574
28423.3231842763
10239.2888452459
113188.8111597707
23573.9741953626
63657.7987162439
22777.3594017411
3021027.9195381174
108628.6448463107
2521.2712762304
1912648.1446120716
107.4509168391
19018.9916304132
76502.9783850616
21888.6767200979
267035.2248854586
115272.4610617525
370965.5980444589
175484.3357492509
47106.4832977736
42480.9419157706
Case #19:
85033.8004269184
1132.2555793908
8260.5633955627
311828.0107740726
36747.0306737892
58389.8273797676
12880.1790941227
6416.5691648975
5394.9900268159
8129.8623087214
386.9214299975
163740.7979305918
20059.9424185075
11724.6746247014
16432.0997178171
970.0194611184
8320.3526639874
15781.8445005993
24048.9592710447
12195.3085529804
16400.3029193884
109285.6025124691
7037.7874304469
10701.2299832673
6685.7741950703
30018.2293029265
25156.4344855344
9084.8294415906
42572.1868507920
16299.9955909670
9816.6250730506
13639.1174233756
13778.1690519403
11512.8379100149
18504.3904050378
254548.5755580236
26049.1228603067
15594.4369861927
3658.2578219194
7331.9877520413
11046.6723947262
11417.9545775095
9906.5275180635
153.2848430940
85804.3194789463
14104.3837184000
3716.0420439785
11227.8174151027
18807.6377687855
1217.3774718075
6317.8962574922
157260.1857179061
4489.3267143119
87144.7194897545
15425.6290618118
6777.1521692756
13610.8942524421
8845.7010980631
Case #20:
49585.2269695374
105266.1022732497
41590.9408165227
100293.7469162390
52344.2057144840
173596.8482805471
Case #21:
36422.6547764761
30922.4384298020
18999.4039698713
6487.6955254907
25021.9176323346
76867.3160177131
23580.9808815601
28851.7742998251
25603.5536632870
24144.9412615333
19744.3706668373
5323.6004298514
22107.2880983101
14875.3640833508
2173.9530361921
56154.8170196761
127806.6718145691
20681.2543426142
52017.9904294344
616948.6312547715
680.2806558172
17876.0299324808
60061.1798158822
22455.1388739528
34140.6619037351
2760.1186622547
27991.4155240525
408843.5773616838
34306.3494336655
7196.4912693735
15184.0925524583
18025.4920370981
441884855.4768546274
26883.1936402285
5899.9380227444
17938.8352435317
12036.2034336907
756.2873645888
24283.1433157940
19542.9219468203
258645.0063751835
25209.7376217328
31290.1069394386
22574.2949054890
39203.1548107550
36457.2028033862
6667.9082718048
8528.7782464789
10683.0292976676
20778.8416209508
12981.3208760365
25298.5384609450
192434.0609573196
11858.8864239250
340630.1416890396
10365.6101210892
14404.5541824516
19250.6825817938
7737.5728527222
334285.4247372826
24207.7059466606
26819.5522345718
11642588.1156838897
19924.9269636909
Case #22:
26765.1445278731
26309.4842437702
31618.7810100783
23992.3266234295
31178.4746821510
30600.6707523661
30493.6581641495
22323.0437376951
30905.5285791496
21743.2646397318
30671.5543397569
16164.3320525488
25938.4953559247
70157.9868592871
30924.7061739328
32181.3508901475
25587.2161075899
30888.3200389065
89524.1192145341
29990.5970673973
46695.9661352099
23745.3607722455
30141.2898204617
30206.7212140991
20600.7771751234
28040.0084344809
28236.5297062690
22164.0386588725
28688.4227185251
31630.2157901865
18152.4846882527
35189.2120455359
36321.7747719724
54460.8982168479
36665.2711257033
29865.6709849035
29236.3021458524
29970.6610245366
27236.0705595836
28481.8342790790
32127.2527453603
24755.7287547601
30964.8956259493
33174.2187587818
29414.3000258587
21649.0745154749
24351.5597465445
60634.1010869256
33600.3344952053
27447.5356397998
30458.0260468996
40596.6589513318
62702.1890203349
42772.6176120451
23686.2947292573
29822.9419891264
42853.4684776877
45023.1574638600
30242.5565413031
29799.5299759441
13973.7486895845
58338.0463459648
30224.4982889227
30265.3068975010
43737.6241005017
21677.6685302566
25259.0576525596
20936.2147968374
37846.9973241742
19402.3182023667
30535.6186555817
34940.1623176028
28348.2448694635
36679.1888343362
35820.4962266767
58088.4770456856
27690.4564537844
29798.6321661536
30250.5859171215
23767.9144179799
20009.3672028764
32043.6940037253
106071.7696956625
32675.6266428581
34244.0716375695
29845.7460848135
17830.6651136315
25879.5168155893
24086.2987648379
28346.1473975669
31613.8513200203
35423.9579974077
30519.8507543286
74389.9110258302
31644.5809857073
29731.5182451238
145695.4993604638
29928.4986755152
32579.5784065648
58476.9592992864
Case #23:
51222.3868108637
83394.9274118196
35441.2991457684
39586.3937656868
74490.8969437598
75832.4365503594
73799.1758127459
26975.7283747413
35207.8056084770
42271.9491394610
55544.3736132483
42348.7380277132
65570.8717551395
29892.0068678247
11937.1838387282
37541.5604002611
327205.0342049767
15047.6438390321
3493116.3263909624
47771.4877308299
39880.4036653019
34974.9770159260
42209.6685159810
40259.4495564649
26963.4466201685
38829.7837627500
45560.1382413561
35521.8995909787
32383.5261763247
46700.1315691710
56847.5988865710
80594.6168869987
25531.1230376517
38356.2729877672
66712.6862789960
41646.8579401333
10734.3452711124
33261.1573175739
78580.0882217249
1.0000000000
31136.6101343930
16600.0837918225
104816.2409713860
68825.2584879591
14373.3294516233
118499.4263169532
39437.7043619205
20222.6943074881
1826.4889381592
65990.6699257635
15834.7882944136
57044.1697751743
42156.2491280518
40644.9657719561
11003.8792243081
53746.7091760929
58429.4321870754
49863.9691112937
48571.8562674419
48713.9676729763
36017.3530286752
55359.7343050996
244887.4347476931
42539.5638509949
40859.8773390503
32237.9216049965
35774.2304983006
42176.2026427634
11403.4694689229
49720.8924312357
45647.0332809126
10498.9795730548
43824.8557400453
13281.8408370488
82747.6355851782
75659.4391081907
5213.0834434191
36118.7198144062
3320.8580072499
85876.8470899536
21029.2932325547
848627.4554597235
46865.2519625975
42301.7005153890
32826.5732540666
221683.5153438917
64715.9975916548
97156.5623173854
71293.7329513568
413388.1708374604
91601.6711434865
35860.2104035945
22143.3835812558
34400.4249973667
26570.2975660458
37581.8794409994
33179.6827564498
85760.5254450445
4990.6946241725
31638.9835192867
Case #24:
5334.9390300330
25464.5601321459
5331.6646908471
15761.0248339854
4978.7441298465
12716.4974797408
180660.0335956758
12166.2564453381
20116.3208313471
52429.2100363614
31514.7256798517
18883.7377271605
9615.3789766831
97902.3262603059
26103.6659079307
170482.2077868593
53946.4505756192
20491.7263623547
24841.6700489405
13962.2038634627
22226.8366510473
122342.9307393436
9128.1240998834
117212.9020780219
5919.1136225563
31088.6498616411
30041.1029481693
81367.3447668768
50000.9986123517
163405.0952263184
372714.2151093972
25849.0274985187
36873.7818726292
28413.0144711656
9714877.0987230443
42711.9651971353
107453.7776204204
Case #25:
40390.8283239815
35789.5479990753
37278.2640118156
43604.6831058811
37031.6963148279
41167.7185932772
64282.1920547691
60441.3503795209
20067.0699744156
56796.6542150647
18684.4095702310
35779.5605693739
53576.9381597075
29751.8631217777
43192.5606533720
34089.8165485865
38054.1859163830
38061.9122596662
34736.7866613536
60649.0824188875
45493.9882691968
69808.7291130640
50838.7598056955
40229.2828950682
53424.3138693959
39848.9628597826
39880.3873091793
41609.6055729588
36144.1638508543
46025.5842600192
4161.6958855519
42212.3695863718
37741.4105534582
31325.5162386005
81567.2584505867
32713.9644853602
23356.8023161928
57660.8605275274
18814.9885083088
47885.0055411357
5323.0585932764
56504.1602020209
41256.5789871928
40323.9213039298
46092.7572818098
30417.7196906970
50703.4624059274
44292.9121091943
35660.2814924258
46735.1609453651
99632.7151154466
18766.5543061263
37256.6760869768
8599.6745082482
46377.2618158755
60573.3952751026
42171.2306076858
55170.4404367699
56548.4785895734
49647.7442768117
41692.6664197010
42081.4729800707
48111.3011517518
48744.3173896610
43018.2883457922
73769.6801053220
42838.0831729819
39820.4075065073
10387.7468233417
34570.6426253536
32163.2163976986
44835.3222220076
38897.4158307452
40243.6714818164
7162343.8414902736
47402.5289329734
27074.7792770125
53007.2766257698
41399.4728973166
34226.2457497639
10782.5203536089
47590.1092718792
31539.4459520939
31221.0191510076
12362.0924789397
48124.2582601996
49366.2891676253
44241.9861764386
39278.5917245793
40496.6685781489
33078.5781319530
33990.5756543944
54316.9980343063
44167.7197770392
43553.7196714209
41143.1295880940
139394.7315211731
43722.4021209936
39947.2065017279
34153.9254444575
Case #26:
81849.8700384587
78724.8628676594
459517.1996425137
95306.2247026887
167109.2398653205
73764.9895030430
65490.1623307637
80024.5323820765
177289.2115756796
71722.0163857909
80073.6965372592
190154.1355392861
127429.3821265995
189740.6882166518
162227.7872035651
41565.1278571975
340496.1380212622
137730.1192365699
263277.3462664468
5635749.9295195844
98211.0637306181
125129.0058951937
39807.4516860322
130401.6006662837
120353.6536217742
120913.7740083339
253267.1839953902
105855.1085953239
67515.0319290938
143983.9383727162
44247.7387841584
201578.9002823129
104149.9890522055
122429.6539867984
43678749.5377781874
62215.5277379286
4.0000000000
104891.8059056272
184087.7685091592
159599.8896058883
98783.0932773730
33715.9279093981
93302.3566496291
29917.8097832949
6715.9304242120
30088.5933311120
142168.9110842038
117765.1101799393
160104.0694527630
108211.1863958426
100781.9122258928
104136.6216370405
279102.5287647113
132731.4652575671
99724.9968983413
280856.7533171344
170074.3704888052
248642.2757621836
95065.5102683221
62448.7504718925
55405.5444678596
7826.3211744951
12994.9211540321
188663.8344245019
158644.1167949279
142651.4940195081
127117.7028520133
37410.4214401826
19741.7704361051
142678.9544833023
99269.1482106463
721125.7979954549
223672.6713351591
271960.1858458217
143862.5707523792
70619.5248021123
88265.4243723893
135265.3937826233
132087.2402043206
150708.6902815065
137410.2806816137
18105.0553263561
116920.5333111011
363855648.0000000000
1104.1458756013
104190.7813937758
128580.9278806838
164771.4157576278
861363.4745491383
9819.7026479737
115725.3308918881
9431.0596100347
135398.2080139417
16548.2201171211
151416.6871398868
Case #27:
236690281.6539517323
116740.1779689862
159646.0430650028
307599.6638899409
3726255.7478144197
136876.7750821218
211572.4948615576
146966.8224906549
319357.9949118830
942895.8352289827
85349.9981257306
144786.4886626402
408345.3187472076
22079.5007028406
Case #28:
398565.5557861134
14430.9010713754
Case #29:
87785.0192160182
22398.1123935542
121.9344350673
206866.0161489613
23620.7448630430
671.9240563228
15576.4050048983
40958.2787210786
10309.1716478156
147523.5362198997
21953.6427302652
22825.0395464822
18897.8383391932
11539.7694990083
183579.4631491182
228435.6002296102
4984.7388918703
2557.1838478486
19055.1360436617
65614.4253096073
260.7676062813
23700.7488366232
38428.8406567074
5748.3289862376
21469.4212147097
15052.7354156635
76852.1261453296
4090.6251129461
55550.4464537475
157692.3647854788
13447.6622202993
9560.4976807798
18034.2721201249
247.5596596510
48727.2740199340
15644.5974694581
1294585.3802446030
575479.9165382343
3529.4757850856
7856.4572862202
40092.4321426505
249.4375773317
2513.3517099153
14007.0546442354
12108.4717215889
5857.0150508374
689.7476672436
12506.7505485661
17602.6818997619
Case #30:
30429.4718779802
28684.4324863586
50774.8346077489
26342.3252440542
27867.7555341783
47661.6001101502
35224.6164204128
28855.7380814517
26206.1788462642
10155.0546040603
21260.2036798819
46566.1275315787
21672.1617462422
23090.6645408489
12940.7727997851
26277.0361625664
39882.9786416905
34493.7832206668
27668.9036790811
36181.5720156417
43512.7710795654
586.9349871303
30887.2926312934
22045.9746102459
35197.8045204599
32683.6320280729
29505.7962068512
20568.3814525006
37953.7569374037
35577.2275215949
29881.9338631536
31608.2490153191
33658.9133863670
66247.0476691922
44633.1118251198
28880.1799346319
24076.2888846723
36074.9480439201
31138.5529546534
31117.2177963689
26595.2098584742
51853.1568721038
33423.8251726766
25490.6554692117
29097.4541568034
34828.5923405708
32767.8845415225
31879.4424421423
22062.1546843461
39856.8528347550
21254.7808323343
2820.3618993482
33647.9067905010
21845.6628737401
5070.8314654650
44238.2252936967
31957.1146729823
34430.6723537965
24585.1900393793
33256.1723561829
34888.1589153353
195411.5743447978
27014.1446568751
20245.7562648804
82333.6863115112
22220.6682900807
48360.2063016169
24225.8815385213
31999.5141515835
15311.1071713844
50701.1906887714
27003.6702996721
28709.9598007615
22405.5321811766
28651.1131972681
28402.1097412946
74771.5800212459
283707.4355703893
36069.9941262177
33104.4981305254
19635.2803200761
31028.4128123792
30651.9196094562
244023.3435058828
30703.8676341705
28429.6647923617
30474.9406519260
29087.3468533320
32062.5872694953
36470.2407853836
28464.2947447990
32436.5090821065
36142.9002080461
290478.9969709491
30252.2915774573
52636.9769788580
29242.8357574479
31945.3224565298
23831.3050516818
29417.2397360960
Case #31:
4452436.9629769324
51798.0684730464
328069.1667334842
18193.9899864616
74420.3925173030
57832.8817928129
46418.0900071181
50444.8344576238
176353.3894514506
15109.7664423402
18351.3658152208
39783.3229128836
120652.1851821824
57789.0908423565
32536.0100309238
85137.1697962192
50398.0000000000
19392.2061956440
12682.4659960408
79904.5745016865
940090.3158751502
68090.6742481315
19843.4094934180
21076.8212060755
128536.2764835065
36622.7860391225
40816.8272730406
46574.3788162720
761882.9030098233
22308.2665920125
102482.8629699630
81291.5903197411
25659.6371344515
31778.1522792587
69619.0179257981
81303.7190408448
42722.9717606565
99319.3868824415
23225.4193630073
48879.8853756980
65052.9745095184
24091.9819633032
47970.2062869926
5096.6337561298
22476.3353641311
57771.9384286853
39245.1103686537
15831.4174394120
13879.1369855035
42105.0442508958
41065.2434603545
15059.3217047171
63551.2259965892
24578.5171256195
36743.1053435728
46173.9077916226
45897.4364339772
47799.2469371765
40801.2711417249
31037.5246481253
42905.2900312185
34734.7027845718
18260.5904737927
63430.1605939442
96908.0536800255
922086.3582482784
51240.8420708147
26399.6034102741
33061.5014987164
26829.0368128380
28345.2058296245
21713.7166303171
28086.0649004212
31872.3770335253
32179.8598067505
20715.0031098567
46097.1629433048
178139.0496401110
49144.3397827323
6100.9000649376
289030.2486852478
45816.6798421962
4394.0633718669
91383.8256231819
Case #32:
35637.0190056401
69128.1009313053
119660.5897754499
77375.8296014388
26172.0619266886
124731.1545146186
102594.6305395746
57162.5934692313
71773.9498541527
260483.7415582403
10520.6835862583
126167.1546662165
114924.5250583414
3122.7347782627
106756.5849344683
19551075.7984458321
81980.3501263846
44370.1918104061
7491.1612473766
87450.1284539826
41168.5953822709
70342.3847012079
73084.9496554019
98192.0595246238
75871.9447938652
311014.7589084455
69156.7271944489
66195.2033394891
86429.5585672775
Case #33:
880.6615262845
42501.9446102112
168431.9733131429
14567.0833934405
21715.0857021951
12704.7223486701
63780.0286620393
16073.0887276508
7225.2558079514
4168.4780132721
17399.2949683717
1638.1567635858
3805.2616044677
1861.6239126334
28471.4261842861
23757.8724376254
10585.4513015340
4694.1725783406
24287.6014620201
2530.2941105424
35245.0872862459
4136.9160798086
13909.2037189652
18261.8551662513
18504.5818687049
2876.0845294403
33706.4551840530
7955.2856212976
36938.4255333363
12418.9705074172
13975.9290644741
18976.3462398551
23735.1211753361
1558.8078152715
446.1846492201
17322.0639091340
44512.5011507790
6401.8565484722
30169.0871481321
20493.2043305821
47285.8078329983
5390.2508250288
7622.2948895632
Case #34:
46107.0000898533
31743.7556923475
28354.2534215001
46466.8754212509
44570.4195911812
34417.6047993329
71825.3821420792
29570.8149284147
55406.8864706801
39952.3026775743
41795.2227373377
34053.8138320427
57733.5070585080
46278.3840533972
41878.2108895022
46519.3134844935
50884.1859589841
8029.4735447125
38370.6138627024
70811.8549822741
46906.5316362007
40097.2193187186
43046.4646898233
74023.0682059970
37288.2966458173
34997.7815432443
34796.9035142760
46931.4302578512
41362.1290918573
36518.1888165628
53735.7818223830
40115.2732298442
39998.4971947183
70597.5193547876
67070.4653945079
36244.4114268409
42584.7261069354
45471.2338826972
39367.0701012613
340710.2656608899
41686.9806944213
41109.6279831966
63770.1307066045
70179.3699968456
7976.8559318448
52019.0384820712
35491.2084760977
31268.0885314831
56376.5299720784
50326.1396531603
42039.3729326932
39192.1924634420
45881.7908664663
26930.5285736592
401418.3334806927
92065.4863940397
34855.4556580965
28171.5158070771
17858.4188866096
29676.8731796483
1873.7246604579
40621.1099311329
55212.5013288876
32562.5533364315
54014.8806926125
56601.7127847471
29905.8657017082
26557.0183395412
45412.3373512761
44893.6539642397
39604.7209530686
32074.3971699142
68924.6832710197
59081.2398584522
35358.1301598305
62798.1529719050
63388.1340723520
28545.1483246297
50760.9012116712
32257.4398473668
62664.7968077043
48774.5204174470
43117.4323299470
60578.7776551064
43525.3736033663
30670.6523011710
36092.6149178473
42179.0981456578
28661.9495648114
61066.5658493932
75163.7780800809
28851.7022975316
33618.1041812882
44830.5989101275
17377.2260210749
70304.0913523319
56972.8433536099
19743.3678396232
8598.2917822480
38398.4171432586
Case #35:
7889.7872303990
17283.2266066887
144793.2572792212
13131.7784997348
32771.1324718189
18263.5501509753
7889.7872303990
48467.8316533913
45271.7328608291
2996.9788074425
2641.1353193469
2811503.6133841277
24745.5344480824
28264.5345769231
11710.0222589965
10629.5989647152
7402.6410090865
15005.6092226854
11348.8059677180
54686.1421983514
464305.2264149703
7463.3140794426
23146.1504226087
900822.4962215279
28430.2092419551
17657.7353685521
108288.6396692169
46724.6032172921
11784.6134324077
29531.8593356719
15985.7593767175
14917.5314529451
20660.2428852296
25624.4860117611
36701.2992918261
22917.0820573813
39194.4188696543
2647.5636233943
25624.4860117611
9967.3005955453
25930.7332990913
682.3928487316
9538.0501742590
28858.7182141850
95.3729521405
27449.8961021480
76517.8479986451
12558.3910056267
38876.0462193209
27955.6528875128
30794.3787467932
32996.2189758341
27201.5881230442
6412.8497311813
6878.0285517540
4754.5248019814
16075.9791367079
25624.4860117611
11244.1577715500
14915.3315673082
58052.4177798359
23186.9115810222
6684.3854864757
5235.1329108174
92255.9161926726
40396.0645554070
26450.2015864495
3423.2322891897
21895.4446104090
2671.8902308658
252.8349172549
20272.6168176946
3082.0221803634
76760.2843599766
28707.1337733853
37970.4951613040
39969.4295858645
204392.7614788169
725825.1963517979
23920.9934511313
39132.4398628724
16827.2424774121
33691.3981099047
12804.9484882144
6878.0285517540
29803.1457126734
6445.9154604567
4840.2896109798
37771.6487609079
19315.4366790907
69329.1609540988
12385.8093261058
21384.8852643407
Case #36:
127922.6177097778
4.0000000000
141754.0607194826
16579701.4052965168
921.5910155812
11540.5991858390
261859.0330269301
176018.8641936520
670489.5871832419
46780.5446994669
7193.8140053030
290391.7038752413
114333.8360193549
173374.3916290568
306518.3694257024
7846.8762340570
178342.7815844549
913333229.0000000000
423934.5860663450
161879.5895395628
167582.0131289827
2397269.5806519664
43332.9092814691
16687.1024237632
681281.3054803162
18514.4509684070
16687.1024237632
26912.2622381543
10987.4502289601
773861.0503973545
505.9364721652
31101.5524855219
75880.0000000000
599091.7749098288
24161.2264396298
12696.5128551116
598412.6143906337
4270.2575685587
529640.9687899556
148215.2891443976
25101.6511427255
1220164.4273486922
598412.6143906337
617.8884391219
3609362.4334638382
22493768.1914448643
71741.7964638428
26912.2622381543
23702.2582918556
416.8344995319
3.0000000000
167582.0131289827
16588.1820123068
155605.0915763093
467224.7004792526
349839728.0000000000
1.0000000000
124739.1355362889
66502.3016331823
1259993.1068880852
345178.2938317631
239550.8413201665
138776.2686088755
52175.0354690400
Case #37:
73702.5508669474
50158.5592788486
49946.1681483118
114031.5005222760
14054.8331917426
31176.9841515377
147960.3010882313
60664.4612185614
53850673.7294527774
97461.1857294311
144931.1263100358
79182.9419811942
40879.7631926410
187717.3694423247
45775.9512086824
115051.0263932548
16553.2506801088
324413.8145564619
482111.3518972075
4376.4149224512
39287.1877307552
60899.0224512878
414352.8835522130
123868.0531247343
46743.7153494538
134690.4947541062
145935.7256116546
115958.2204192146
12729.2987040351
78488.2322535266
154672.1455707862
41613.7141787224
52102.8793934270
103638.0214333255
79016.4408140601
157745.5310002600
54944.3627020679
33206.0109385791
45851.5969462199
14096.8130623936
1345850.1615635027
115211.0623877232
1723119.3993071450
47598.3300521280
38151.3168243863
15583.5549035312
37062.5570081383
119839.2248177507
48637.1201536636
46895.5043957948
13381021.6052086866
48861.0688825435
54444.1308632379
56082.6581815363
230990.6502249302
44422.0258491629
18062.4847177241
171349.8742438586
34700.9001799108
73224.3169345456
287712.5325819938
41285.5705906159
41991.1777298653
75446.9887125819
70733.1840729382
92882.3475834928
45826.0088801599
102700.0488316654
29411.9465943558
83541.2605702004
Case #38:
131071.4303282380
14219.9914691690
65338.4277042854
65267.4395505911
80590.8456877824
65377.1760456962
104503.6901095048
57593.2622325658
38249.7660271647
57750.1838921621
62469.7233057669
63582.3732377696
44280.0085899420
62322.7607818307
38604.9372801054
59867.0362809953
65508.0458742895
67465.9773506742
41724.4170593124
46336.7725824176
41361.2316680693
37743.9108152451
57077.0425353629
32678.7307054841
59322.2183514831
66122.2324935332
61403.2419959854
54803.3706179235
110896.1390546601
73053.6947335168
68664.2458981483
59152.2783486885
63391.7760203575
59969.7738467027
77505.8390407991
41087.1652835099
65889.3241301797
51944.4397813944
61775.8393883422
63005.5910036219
54105.4921399207
61150.5842221858
40424.6503176748
55541.5251196134
72764.4765729658
53073.9469790417
63187.5496963823
55418.4977651323
52995.7978071512
61170.4279899402
47700.6076546996
67099.4607089503
82260.9191104371
80814.7878190044
73299.1388894712
69183.8854061424
68314.6094483997
58759.9423465372
63595.8820699226
23621.0878871946
35768.9753380277
42746.9675605967
65815.0260323594
43373.1370435147
74138.2869646190
63610.7175996492
64038.5227819106
58307.6138005991
64160.1305782070
61439.4782147624
34342.1516388817
111233.3809447760
57840.5635103502
59524.7313205851
80632.6829523001
156219.6762234377
76071.9162481008
58471.9115873889
125495.5537857285
69529.4609612981
63579.8378382087
53120.4044246594
57848.2464799103
52265.0382010774
53330.6479513179
62043.9859808337
30647.3689814341
19211.6191304017
62498.7680306068
64933.7411342288
65681.9481470149
44177.6839688910
59139.9284040217
61999.5696963891
53900.2187416814
40187.8143591858
70988.5052949246
21656.8637316899
50365.5446209381
54419.3316005114
Case #39:
79312.3934965410
108664.5825470183
6379.1795243663
40322.0804184732
44656.1680243037
2360136.7731576490
41682.4694777955
139855.1435309068
52180.4538739345
85277.8362805984
62667.5080060210
120599.3079300726
68176.1275395565
61215.0851162110
101952.7715845634
43239.0576681943
42731.2478581945
41117.5891874490
49488.2912079249
154587.0047203093
29973.6191418121
46698.1680001218
67894.3926359767
54869.3969656630
74508.9635349236
43171.4831587873
59766.1690507865
57149.5355489431
29878.6686569941
47577.8892234942
52457.1704122024
18775.6720688178
41338.2940814960
46989.0056398652
28827.6352215370
51644.3578326254
21621.8891263554
145750.3358901898
47932.0728361982
45811.8303132705
32888.5254144875
51289.6088883584
51535.4487973306
59261.1224682379
123937.4426468295
17447.5427725922
32891.9333555401
54109.8177499490
44854.6202535036
154034.5665141909
53485.8300270861
54750.4511912913
48607.2648391198
48750.7180909194
86849.6736203175
60429.0780991860
68761.3328687964
29570.9329284777
72734.4559951975
58180.6715066294
62727.9490885769
87898.0982180407
49411.8078347464
40403.7003925829
64511.3961860449
108160.2087021298
69528.1662689325
52998.3281710650
45629.9833778259
53714.4211080416
40833.3745779930
45500.6432400107
135328.7762712024
56069.9113461005
61879.3252124181
87740.5745249621
9565.1453903128
54063.4339677931
56755.3211261325
165444.6475481078
64702.2953013863
120557.1812827475
37555.3910982533
67233.6164028671
39416.3478092526
96482.2166352295
49133.1811896351
26215.7528863698
56485.1089793853
48427.1547266976
48805.0141822618
39289.1650765329
50687.4421454434
31506.2303417327
93860.4146361690
59924.4390577188
50254.5455841351
45286.1007984935
83205.0163150287
60992.4506191979
Case #40:
400883541.3098376068
496504069.0546423296
443704758.4859266985
Case #41:
62383.7411608817
198821.2255335220
43189.1616176709
56747.8565384344
7263.5383538194
37137.5092468810
1181109.2535881243
60222.8118735314
83770.6169018821
13073.5334053950
9945.6336632212
608.2104898799
59556.3687602594
52215.7936899299
47207.9965404003
72860.0252214402
25977.1903717215
103273.2019829001
50602.5820773850
296601.1887190324
4175.1101538616
18769.2900315316
9005.4032528939
237375.4057345272
21384.1412949017
57582.8023359795
16879.3883840589
35431.2251648415
334724.4538486828
25450.0697125035
108275.3318311654
53258.7567208406
14492.3782409809
6736.3862628481
42697.7993449412
20755.9589722029
98728.5468742720
15498.1978524526
61322.9451086761
60014.9437238219
28709.2867832384
185534239.0000000000
3904.0512449340
58660.2420375680
16588.0459778850
34116.9628600902
47817.5236004911
106072.2364455969
89416.1746247382
16545.0211602596
31527.9029000106
27812.6774574475
56823.1633385497
52417.8368875988
2753.5372279774
201422.5482169046
22610.8558206262
40246.5803513675
40390.4604435323
150314.3445892354
40532.5852719778
117141.4244244226
53278.9557807531
61276.0235355765
160341.2123924174
44232.0380415527
21982.0227180225
150941.8173759212
45608.0451233012
38473.6168784613
1620643.0062750135
73604.4169130510
49909.1827889489
48795.8075354357
97202.9386059287
53233.3394255173
66799.6810124348
54113.7594482489
87182.6412231340
40629.9159705613
65052.1658462456
38716.3913487794
58568.4012607926
57932.1176432047
243070.4530585441
142966.3038926593
35865.1743647069
184.3824355136
278138.8513384432
123080.1814517921
Case #42:
158912.6854041719
213847.9071663475
79815.9583240591
309156.6428976784
124387.1616346149
204105.4275070731
68117.3487201382
96190.6637068424
387288.7201018401
329698.0555474998
129329.7638176785
139004.3257936666
413964.8019077941
9010.4926442075
35727.7906673883
38069.5366133531
111672.9595513237
62695.9596717573
132437.2631478748
115716.2541588122
18893.6019785614
231546.9363311828
85888.1226293416
37558.0574898952
448292.1357813613
56973.6096471249
160855.6251330391
322482.9045885060
902.9529324815
8357.6497942967
596535.3752344719
37558.0574898952
443530.0810069759
109870.3523685881
72887.5157069819
440220.1399674039
685854.6166264813
63369.3862465876
282828.7843413538
85885.2634043604
11286625.6122229901
60063.8888382458
452321.8679185751
106509.6971328133
988061.4793658279
144344.0845614023
78605.6387977871
451240.2917805981
414679.7619711004
260930.7759960908
206604.0415102559
70665.0784918650
67103.6226502180
9.0000000000
22995.6446788597
226033.1523779752
118870.6281727704
213176.4730951839
9253.7303338245
758648.8823203784
90428.7289270648
28662.7328605256
92127.7633118053
231000.8662945624
99171.3625652271
507502.9412679691
129271.2242396064
7614.7015119782
116636.2028300583
187788.4528629583
177599.6797317484
82278.3930411611
77847.3596763580
192046.2019704581
95257.7280522826
178782.6335954088
74884.4295901998
62908.4554755326
94044.0111492676
86118.6732759244
146671.7745950451
124507.5575263659
26816.9157625781
96338.4220862933
13885.7053399501
149048.2519613832
148737.2910527208
53225.4145875227
20454.5773028313
100676.4919562936
38359.9691345027
22543.5709265637
655405.8919176837
46923.5291039869
132437.2631478748
30148.6929674199
Case #43:
1.4142135624
2.4494897428
Case #44:
31258.5422771813
21838.1712778673
20033.0802754361
37206.9401653118
205400.4410377463
7969.6107637332
10677.1010573276
11459.0096549429
985060.8705962582
12739.8706124158
11063.0067530190
21385.4637153650
19059.0755597829
6813.4722739859
13933.6487290573
11413.7549331295
12993.1468856084
3.0000000000
17694.9936370180
20776.6173689407
109726.7925253285
4223.6332926553
23534.1718221153
16863344.5453412117
20996.7386990385
55411.6814253516
19644.4383473825
21393.6128475612
6.7082039325
23697.3198225477
3195.7705756648
10135.8434019641
14662.7622896979
13848.1799863448
6219.1495561571
19525.6997144075
9510.1030554157
88068.9467176268
66256.8619519510
15957.2669834046
17257.7864310571
59988.9800996632
39524.5876243428
19852.8292853312
13065.2776609276
15165.7403896503
17237.0982878972
27796.7374927777
2177.1051063796
31662.0906758565
29969066.7920908254
50537.6687471625
56216.8760983310
17291.8019556076
23542.0190064911
16676.3911094797
31946.7510894932
19280.7757363662
15146.9133534163
3323.1814977592
32150.2703528875
30749.9728698217
69410964.8320975782
4184.4821470263
2177.1051063796
16030.0941614637
630.4576514436
10768.5994049467
21461.7051936349
5869.5447636860
141700.9932021180
44525.8037009236
127134.3371212613
27477.1517308836
6345.6149638456
14909.8356091710
6293.4546244965
763303.7792808612
14167.6391856282
25478.3512667141
28116.9605044070
15606.1353936380
11254.1143241321
51628.5013528802
12935.9167940486
14037.0892287186
65975.5235905062
9745.5514857648
22049.5254457438
16389.7100297771
Case #45:
38265.4180370100
430205.7865962917
16498.8190773015
22334.5402201480
139131.7435939010
93835.5701685472
24983.6566917789
11836.9400584354
Case #46:
161205.9590341626
56922.9088247243
220079.4149708355
127124.8157069765
122989.7870172337
124423.0360373146
82436.4551112023
239533.6534734925
460411.3376472352
88426.2967075175
165893.3389218650
200286.5637093801
183968.2959351767
109971.5694934692
129641.2222368575
137344.3412368083
153005.0485014044
190829.2790371173
247491.2626070857
Case #47:
91037.7703990517
45376.9128870763
60542.9591608269
3.0000000000
370408.1162349819
33568.7512003505
1248795.5968527262
776001.0496644879
2661348.7253941007
14653.7111194197
193260.1356381225
74591.9516621783
30762.2260070297
42260.3470743248
169578.4527670364
96124.3956949304
44692.5703073675
60420.5569516010
45678.1209920104
66150.8240207357
12606165.9980603275
33110.3736915078
164842.3397447405
233572.2071608457
82447.1698710565
112031.6461493778
68972.2063803955
83644.4599353458
Case #48:
20975.2629664325
170147.1001752170
31999.4149348107
188922.4138425822
5714.7190076695
8658.6786213481
4600.7042260524
28635.0036535435
15785.5468986418
46885.2242460729
14003.9110612897
11130.5027082491
273673.9794028616
17746.0039459487
7799.4612119440
13000.3083697312
38138.2638497151
15099.6321045050
281.5526715408
26948.0994804185
11169.7676749390
27847.4065562225
27068.4418816989
19260.0622096198
10511.8678762422
12712.2525106945
12367.2941960732
104614.7197447993
26272.1497831515
16985.8742300638
12402.2166306291
18809.0768843872
5281.1462332191
77451.5072473478
6582.5480315577
17697.6908260139
9491.4655804707
6744.2927218887
10.0000000000
19692.1999898823
6678.1380390723
17153.9815025283
6602.0000000000
15481.2741739417
188725.8666024600
46583.2642785999
480622.1622851268
16833.9868876625
38294.4336065863
14297.5721373999
37552.9781354177
2579.1015881302
12885.2737694911
27238.0371614510
2692.7799891387
34627.4252729237
11554.5175819561
25539.0891701068
39426.6418644784
Case #49:
26505.7784396840
77645.0000000000
56734.4981734768
3265.6441759528
7306.7995316690
47051.9011878448
16091.5377344108
88126.0294278958
13805.6303157565
23754.4201359405
36411.3500995929
14689.8135649538
81562.6654564925
38589.0539505727
48607.4147511009
10050.6359893683
33405.5473412663
63598.5100129988
27.6291378452
30197.6438475310
50517.5180281108
41348.9766421248
268555.9389328237
166159.8975110922
26733.2703130156
38934.8060402284
28997.1502873511
27838.0264544527
64397.4007130265
22111.7344612720
18558.8717051683
8826.3547380264
297352.6348768484
25769.6506661893
18760.9690360727
258221.4659097565
31022.9667900910
17113.2453264148
13252.0320409707
37942.8480538223
127137.5915176229
22251.9402949903
97211.8556113482
65368.3044588809
7926.5442825390
111609.5481661099
77079.9482134720
16468.2357691261
4879.2413087987
59723.1236496751
20233.3255663260
14505.9456264167
30119.9428102120
136432.1810562316
1564.2373645870
18133.2737344640
27957.9002629990
80072.0375231440
40820.4339537699
32569.5696043526
41772.5528312041
52708.1431102199
26945.8973488425
59762.8292251965
65529.7406281905
13556.7765459175
33527.9161307516
125488.3177982629
24928.2476810553
41137.5917744477
3618.5878261217
Case #50:
5542.4893772589
160439.9251483573
38079.5076548626
4795.4701965160
21029.9028928288
29598.2299713724
38530.1612819626
23156802.8233470944
21473.5552224441
13566237.1884795247
302560.5806670075
62414.3524384376
3848.8706649137
26205.6589401127
27060.6246775448
31014.1692626700
19588.7411273352
45003.7313364446
38583.9502470618
10534.4199096691
20822.5615619212
53433.4694392679
2353.1559608656
101113.7650527223
110172.7496163749
33307.9880675411
15461.2036249323
19521.3766857480
4974.6060994561
52112.3150037125
249255.2557613742
32780.8457704300
14767.5776915719
11082.2948975180
137613.1204864584
24106.2292098501
18018.5340925362
25133.8278220216
34015.1784048662
6836.1848796533
24952.5918339382
35719.6414063672
267758.7497658403
83667.1711122848
34753.0005972189
70799.7768011334
52112.3150037125
21230.7684452928
37592.0957831277
294840.1485156934
41141.9658410308
33698.0056818767
16028.0706889997
14466.9113174914
64848.3152116117
18935.0106438370
13857.0598120868
13476991.8187855366
44415.4453643821
56228.4334036689
874.2187235504
28980.6307286978
5462.3723451475
159364.0339846528
2996.4597856040
93461.6514342720
121930.1424156540
28220.9467186390
26818.7077343295
26859.8190200669
7129.3400600648
92498.3614436149
1732.9843041096
284146.7627939008
22976.8442500151
38281.5411263032
65541.9562173198
26054.3282541436
26364.4796207015
280852.5425907506
286187.2219989428
35627.0674777722
6386.8608620621
122777.5574480279
25859.1737659334
32545.4136813480
2603.9586699842
Case #51:
50507.7290682958
19086.8466137748
3602836.9287218672
183328.5145603319
48027.8769074314
150781.0426110262
4348.7558997067
212398.3550689643
15973.7862646657
15498.1516421267
47343.8907160856
147474.3435110244
15955.7953578651
784911457.1404205551
347.4398701647
Case #52:
4.0000000000
364.3835290557
2944.2684238161
12602.4160924255
4215.1394278225
9957.7691708741
11741.9967588671
3545.9326382189
38259.5667514248
3002.0294636978
1836.9828386989
20105.6336755471
7156.6836219527
2319.4582337501
3316.6194277560
44113.2092158120
1655.8947726172
7279.0098523480
13861.5089005490
2060.7536811133
11629.5704009290
7774.2105348628
4337.1599921154
5262.9157655138
10884.7976874041
5648.6892981419
37597.5931942458
6006.1370887363
Case #53:
9945.3316284307
25250.3739703304
19995.5974118175
39753.7750946067
11617.2219272945
8377.5655421418
11288.5382823426
20063.5483571071
20422.1240220858
26471.5052861042
19079.2503167815
26704.9618717350
33758.1526152837
43509.9144376739
8698.4223765458
24821.3591787748
23185.3163065109
136714.3507008846
35767.4886001589
12592.9070411030
21899.4629097685
7371.6487325782
12772.8790393210
58486.6876304513
7.0000000000
26863.0200443662
27000.8260045973
11664.0672922597
13564.3152890674
7910.2045219677
22500.9965761923
9246.4622615322
31626.3694529772
9021.4045063009
12990.4966014532
11372.9546725943
8437.6966342066
1971.4452917806
16082.4572099947
8285.4700165786
17377.7865664247
15865.4178446217
86018.6185195551
61532.9178611661
57677.4459527498
30237.4984746125
11696.6298558562
8397.2473365784
63271.6244960812
38094.0220753371
12487.8849608155
13778.3148657670
32979.8235749548
14752.2516950270
23831.8207468410
14344.5512462684
12790.3931967609
200779.3635235715
25304.8617003208
18605.4237877831
76748.0004136136
13654.2552852262
62869.3366456548
13761.2952186094
19023.4337191650
16361.5826839746
18205.1914349815
15595.9380754696
21674.2080746781
32596.1019243733
12113.1569429333
11948.6145130201
26173.2026193843
36327.8164525555
15734.5172631376
39010.4173651055
20298.3118897496
17719.4401929580
32519.1291891027
26740.5375758598
12688.9859746379
19467.2051361697
22718.5470595573
16117.1451448168
33646.1284967501
18247.1504270648
18197.8309629698
6652.4247747037
17470.5018410390
114013.1634284115
41743.3101885281
44433.2637865550
11609.4677310581
20739.5422328711
27603.8730783265
20579.0420696044
14041.4165431449
11732.8772294928
30425.1299326206
14506.8482599827
Case #54:
66533.8364116219
56040.3315908177
57917.2925042187
295677.9531908701
7937.7571317140
45793.6362767994
11022.8153382706
98645.0628315118
109227.6937954259
1249126.4718115495
59339.9650444161
20686.8435458681
17032.3835598413
65786.6527935388
188916.0996798204
31773.3571562854
62312.7013819304
137281.3708193760
Case #55:
553772.6186678370
63804.6304155331
63804.6304155331
13888.0334723760
7719886.7242686923
63409.7784765573
236677.6311239024
657.9878418330
101873.9724808746
2504.3971481895
252605.9587100902
64960.2260442812
98656.5383337075
123967.0400439345
49623.8596635873
4905.4858741717
140099.0554425794
1527978.7472371611
2504.3971481895
777068.1851896867
146697.1336955919
132555.8239311581
101053.4498015917
7719886.7242686923
30607.2232562003
30607.2232562003
45632.0873616530
2504.3971481895
24668.2601570953
103884.3056781572
13888.0334723760
236677.6311239024
24668.2601570953
Case #56:
67523.0817647680
751545.2352921132
681.5900527443
1519696.4222013784
132077.1886821240
338095.9613566035
718466.2864968392
206723.8070305660
232114.0456324480
109062.9838347747
116.7564515202
63874.6797433279
248411.8219525063
21341.3523938854
239626.2735616302
403734.8419831886
403955.8459661380
255210.0509614270
484924.1289076393
54203.3750955721
572873.6469590584
38810.3706651369
206539.0943231035
126949.9258069493
233281.1266417825
182144.2090750230
15768.7396593537
115296.2673434504
279362.1828744599
411781.3686990414
286237340.0000000000
1630798.2700859958
177472.4780655494
428939.5857524559
1648026.4050069101
65789.2595645214
126739.7034706393
965890.4929381186
159097.4628095818
557265.5359627379
246156.5542510541
293707.9230973366
473079.5215797583
37661.9287121258
386244.5394501466
216983.1733141362
435755.6439000268
552290.9382459044
438.7970010655
172035.1370778473
662805.5556027037
1314188.3370464410
802856.4911468139
1030918.4985104885
197073.5167732208
468015.2962462425
2446680.4776925387
129986.0287065680
75908887.0000000000
1011185.0289790636
331319.7388317532
11088492.7813295830
159000.9107129024
50439.8934956336
122407.6591256448
5655420.9598079831
417894.0906666396
525176.9835154903
162686.1320148566
554426.9405338474
223308.7048790422
136465.1506837478
76344.4416493591
348209.9743972280
344217.3725796177
404398.2724004294
Case #57:
55652.2507119939
18549.5729353349
50154.5439504404
62037.7076154128
205.0420704716
1142827.2471906200
12297.0262401911
64489.4349857956
177935.5814144148
18758.5166857089
71149.3584741750
17989.7459209545
1472.5335706472
526.2893750929
16735.6152867358
704385.0894581842
14691.6503009598
9775.5407968020
44581.4723488035
57849.7302910473
83708.7927086341
712945.3579490168
72640.5251206466
33130.0929140236
15825.1461348924
51522.0085012221
85124.1346633962
5883.1160521175
27371.2618361652
9516.1934314998
4036540.8586076167
19591.1735734293
61875.0621110672
3615.5535732323
Case #58:
41592.5617027085
46383.6264194163
30694870.4503088263
80213.9131344316
45601.6143047906
44385.9449222723
46065.5408508140
42442.1814011767
45204.6472151995
44593.4582138283
96662.3231776302
48725.2467959183
57067.4922183604
56812.4748118583
50491.2133491899
58172.4175430170
51302.9748753031
52233.4144901398
37833.4604818224
45113.4869399629
34006.5578339143
44963.4363217838
57366.8353504414
44937.0600144028
76249.9419220882
48066.3654438953
54083.3371932343
390863.8880526271
45025.7075949610
33893.9295729613
79621.4067865932
32890.0182377334
24476.1997565172
212.6805349732
45804.9599590812
105429.9810219950
38529.8867237087
1170.2537866458
64981.3302474971
63008.7908732090
51951.5073774086
55516.9288793148
51918.2794157340
45898.3853986667
124546.3113473343
49334.4257036958
41818.3729213046
57999.4914774082
55730.9889543720
52277.8228989686
48914.0801138450
39567.0162390976
949364.9403635195
36330.0338288945
62488.0372160268
41845.0121358458
42135.1674199375
44759.2364207937
57875.6304140949
43488.4914250437
66676.2315597306
52279.1604903067
43198.4308036634
60264.1499823261
43780.9309713642
38307.2171757593
6995.4670611064
36594.8157157004
61034.6062516732
36309.8253758400
51382.7235312568
18581.4796305724
41342.9851917178
48300.0916004735
30899.1679096895
31337.1879157297
125328.4124448860
58104.9155226144
21261.4817120787
62601.5172838529
292653.3010535070
64775.5857435054
44790.1015305959
43507.9714013047
337674.2273897393
61799.5080627666
51327.8989002521
50151.9864610513
96404.2843617570
49772.5457695633
48505.8455943601
30834.4244897319
60626.2500033510
50679.3065297482
67757.4168544258
31355.2683681586
62607.5931867874
54830.0333180747
65413.8815052404
42031.5597097019
Case #59:
5666.5590902132
13063.0317396526
49298.7230534498
1395985.9348197443
897567470.0501193186
8916.0269233264
9515.0469552884
342.2719501906
1594366.7123380226
10335.6644583226
1741.1251370003
7832.3429579764
98343.2174075830
7702.2736694541
21030.5124178171
15318.4637799955
7261.8826061746
2394.2072734651
75711.3315241589
8464.5272223853
15460538.8748422610
29223.4188846262
39659.7107381447
1094362.7813693511
25273.8465903918
37600.2188495411
840.3196864451
224775.6483889679
266149.7485692383
23830.9139933353
8184.2374814482
66903.4471094512
84270.8476219603
170126185.0000000000
18438.9000985122
56139.1380548518
3945.7621635379
4182.7030190037
62533.9357186655
8476.1198656832
13697.1688266235
19387.8518587258
25140.6796724468
9139.1479749669
8184.2374814482
21794.9045263741
176091.1157707794
51787.8104616119
6546.4324213447
6825.3157936167
42029.9299650038
347604.4012462875
649637.8037484722
2560.5629063759
664.7743586136
280371.3213987596
52465077.1258829474
42765.0108594065
58306.2497992556
50187.0712569455
47472.0700914425
11568.0883020764
12445.2412989536
60856.9597177813
42029.9299650038
9809.9152766692
11075.6148517086
409622.2741942911
22827.5789474691
9662.6655251360
42078.4875798072
33147.5405519745
1031168.5107333322
35048.0726136192
21624.2350889924
Case #60:
39527.8761655119
67862.4412145792
29459.8761486732
35552.6783404051
68102.9907994098
75787.8962217230
7038.9813440570
58159.7972063731
39020.7460206619
41871.6413808378
35050.1005190269
43195.9911282379
1107.4400530156
59834.6284072421
50718.0313251564
46861.9800958149
50621.0839918297
46640.9372419256
101331.4435209410
58072.0308125903
20092.0144463970
24442.2714558300
53244.8823128921
109920.8063666815
48982.1485702194
41179.9640937818
50352.4742061030
47013.6886039664
35376.3377141304
59369.5526096238
38702.7104102084
28523.4397231071
49812.9407331041
38453.3103285115
58559.5273716290
66111.5176182103
42218.4987364910
33897.4250864071
31925.8368757504
70833.0513826411
69859.0995859777
828077.4802971625
56657.2414610853
40327.7801157317
25506.9793983046
38734.5152406622
44517.9304233333
43534.2448346957
42149.5912289726
66946.9400238936
38439.9371997260
41086.4484374399
40959.7773064275
25667.1956349976
41521.9948795444
38148.8108579925
123339.1416654874
41549.6621969358
26687.7248760304
39637.7291708608
21578.8630742544
27491.8975655107
56894.1187022595
35817.2015936927
36037.6015229660
61145.9173552227
39094.5442842813
1008.6793240841
1206431.3540786003
52168.0863067454
37000.4058656752
67910.8771118074
42645.4789880937
55140.6176991050
38771.1733792729
42865.8330621282
12540.4538198132
76402.6308301558
49111.4431926958
34804.7354515195
47196.4431485138
45964.7273724386
45184.5942973175
104113.6786006666
35767.5731274275
44178.5040456906
46327.5222707787
171229.7330211949
42196.7991405345
21999.9997661625
41160.3805772182
40888.8210798826
66865.8681067734
47896.3520830192
47033.6599647202
25055.6199672037
437040.5738970378
24390.4331508462
130482.2078754547
212211.5329479674
Case #61:
1.0000000000
2.0000000000
Case #62:
48875.1844852124
29221.8130463347
35898.7211653747
38106.4517372406
43452.2869494478
45227.4808463042
49946.1937351347
55948.1417131778
13973.6193582906
51016.8354098101
35569.2939348680
14650.7179328949
34900.9403759112
43112.6406275274
41026.3933592131
39830.2707140051
77584.5942231498
44362.7907673390
28346.4197477566
41230.2196917068
33498.6315443732
29691.6134175194
35845.8244770504
32776.3188537250
39311.8023547021
33779.4053214401
48352.7183874718
18288.4394467583
47750.2469842378
38349.7337550164
30823.9496889276
18954.0000566231
428.9363359303
40975.6264280300
20777.3914165569
34979.1668159053
35336.9897868549
46791.0747086150
56863.5452920474
37922.2827855812
38535.5331715508
39970.5880196019
35317.9167696148
34867.4126943754
38421.8252905471
29370.8031962320
48412.0726771513
32165.8834376851
14516.2135328199
39587.8030161011
32310.3687862155
6563.5180181764
31633.5827313264
35554.1172380003
44464.9239303074
31548.3970349690
10740.6664002056
10805.1115366845
135131.4481474436
39844.9910045931
18915.3311748799
60207.4794738286
34626.7498406537
35850.9096474575
36004.3772062103
37465.3417709517
12487.9479124643
34531.5353005941
54345.7399642431
34776.7012845550
65701.2095850524
31340.6266665800
40247.7644962396
38473.7200541362
42612.3622587414
32973.7732021649
40639.4122410860
44812.6571295075
68067.9127440793
9551.5548326229
22832.5650288608
41685.0411849092
919367.4365458475
48772.6462241326
34218.0938791753
34536.0305239555
8173.7470721416
43130.9903959743
30493.5845951031
27364.0618326527
143372.5522383105
41228.5581072975
495768.9211237120
188747.4093293355
34529.7590416019
33022.2680003563
10261.3842770230
32198.0083330259
48540.9462590223
36252.1510823837
Case #63:
44467.8296965876
10874.2528211976
43003.1835477531
3127227.9071202553
44214.3491307763
24747.2039290273
6145.8901649579
1608697.9669417684
42591.1052333700
1063498.0523535593
16399.8586420592
9104.6237669161
10044.6857860306
13760.4681623602
14555.6047490544
54271.3785781626
47174.4457197662
4952698.1955150467
3927.7671360761
4161.2206808816
6652.8211737057
11555.3896134423
47918.0114132132
26202.7231969479
7305.9838631419
47891.7175110451
13594.2251997482
74739.0000000000
17232.0390489595
27245.6063361003
33841.3010084160
39807.6396147656
11254.5562337626
143309.5951712586
76832.0000000000
22875.5735322229
136.6336492386
24153.0981834244
46088.2918676525
22280.8531183373
10353.1490809197
35467.1978015753
Case #64:
16056.3223862834
118967.6441946402
2195.3272459689
315895.1061051379
160995.8733346418
783.1743626659
11018.7873398496
1986162.9773571560
1596.3904800778
418.7414810711
34689.8246672359
553.6044032831
1038.9666328424
37751.8761123206
82795.9754977464
685.1475330283
52583.8054462283
56036.8324984143
3669884.3297732151
43863.4046098807
5647100.1212096422
148790.3131709542
21607164.1781068947
3967.6824252450
3638.8286395003
5410128.4300354725
7816.0610678469
4966.5502012571
2531.7714877723
88899.0000000000
4502.7530993258
48754.7706189717
107640.9924673028
427027.1762350212
12272.9371480305
99735.0000000000
1800.2919625286
1050298.1052917582
30602.5924564297
14783.2774024194
30602.5924564297
2044.0608149830
5999.2015339497
10525.3277596309
Case #65:
653458.2635766223
4067783.8862636369
468107284.0000000000
228089.9286803197
379425.1332686489
65874.9311275851
100727.3301994670
50281.9662042884
60112.3382078820
349164.0789027947
64020.8254521677
134767.1233316571
51242.2586250840
56039.2912255422
189072.5424665409
146260.2442232609
7234506.7834476456
4354816.9188488280
24277.2515811918
86213.5901270048
210114.1611992277
51682.2588218923
82230.3517949365
156429.3185943816
19171.7255991002
388522.7121880769
8512.7634979699
63527.7656751205
61929.3233538831
853311.6492909189
52752557.9498659852
104874.0740399062
1984418.1016037118
79486.9781130901
529285.3204494976
238644.2596919416
585368.6858914058
1077237.6682452110
79583.5964947018
79986.0545095206
490164.8748748176
912.6609447106
106032.6199515645
275789082.0106000679
181173.2847824506
893552.7027581842
733059.0448981063
342142.7148160585
3683.5249950943
211418.5586130335
112721.6662581840
69295.0318321024
4354816.9188488280
160152.9230538086
75091.1832380098
174363.0187173786
10708.0000000000
1254849.3921598113
824304.4491909203
186173.9375648946
104874.0740399062
5847739.9233095067
Case #66:
1.0000000000
110648.3767714924
11315.4288886464
22409.4022879648
18004.5131419284
33247.1869473712
11674.8895263808
11543.3350943825
40862.2004336077
78488.3124663344
51723.4671445936
52205.5505321208
79504.3797766156
14677.5766138373
26192.4805198575
17514.0594130966
29966.0611482964
30398.6194360290
20847.2329509141
27550.1111516737
26340.3412960420
18620.4243207153
32739.8149757950
41222.2465065527
7687.9274784301
33387.0406373489
20799.7921227060
17590.2001073752
367760.2924470282
32216.6987499550
54233.1170756053
34800.3330161827
60478.2274586301
27862.2302506077
32827.1918916885
32635.5865817260
33314.7148479738
31007.4138076694
34251.6235695921
16615.5812790739
12557.8920566477
10113.5002382400
35095.8407828825
114719.4039432744
1174.9664123740
29009.9255208078
98935.0078212268
31399.6456050730
19699.1957160627
29635.6552646391
2573.6057667358
140808.4847428690
32489.8138939633
32002.6937376208
27815.4546465089
30957.1521668631
71937.2053627965
18542.7774331997
5755.9770301268
61381.1527763931
13371.3306372410
571701.5209115684
10057.7409065663
14613.0599423597
3814.8227615852
32256.0701305547
25004.9280831019
97118.1277388971
84185.0435116955
71566.5910337246
15651.4007785705
13914.6710367400
19304.8595323870
16217.3593540181
11401.5001649064
39986.0800434822
24351.8276861116
Case #67:
1073.3282014436
1053391.1161043839
888.4543469922
463.9381899347
4259.1543485476
60023.5677380144
7.0000000000
7755.2542280331
3959.8452016223
362.3546721381
98846.0000000000
3099.2462411581
919.7392113855
919.7392113855
3959.8452016223
1053391.1161043839
34880.8979022341
831.8184898161
43603.0000000000
3099.2462411581
1958.1049614297
43273.5527550614
82628.0000000000
40.7877062316
346.4781890336
3739.8386189073
3054.9921194490
343.5694980641
73.3961078648
4259.1543485476
66980.3694226898
297.5399132890
60023.5677380144
1842.3057444173
904.4655160821
43273.5527550614
10880.1199394799
70.7484319180
3054.9921194490
2089.1277981737
40.7877062316
297.5399132890
208.8133137518
4259.1543485476
58050.2127813701
27.1944293006
3404.5088900143
1426.9669056265
916.0784231240
800.3715393429
11052.7935824718
362.3546721381
8.0000000000
208.8133137518
1533.0201758498
85.2568929449
800.3715393429
1407.1092864339
1053391.1161043839
916.0784231240
85.2568929449
362.3546721381
1682.9267968703
1407.1092864339
4402.2561309851
208.8133137518
66980.3694226898
34790.2111824402
904.4655160821
3099.2462411581
2428.5412642276
3.0000000000
2089.1277981737
Case #68:
138529.2551327105
228461.7637702361
20430776.3325509690
24189.2794190561
94368.0130124430
5249.2682395948
27313.4864648904
26915.9774814124
35471.7352083928
28092.2632327159
1628.4880065052
68157.9772005373
77195.7854881117
33932.5265992400
26453.1457121785
42335.1486565428
33322.7658775723
7813.8991260996
9408.1624900922
2490.6325510495
15970.0649845361
24730.6536830041
30188.3832533271
29921.9163538164
9176.4221664738
23598.0136945848
97234.6245294446
51187.9928352459
65184.2911111441
164427.7988081404
338109.2454220838
9899.7487080900
7727.4857507124
52947.9299009608
17919.0131537207
42670.3850389526
17491.6266325539
89497.4458533058
29.9918177602
30714.1063907856
99174.8301019539
12527.8907647840
57357.5163153062
9614.5671224394
20770.5860544998
126229.9990506388
11923.5792123358
106860.3011563461
278580.5516982894
13258.1997864910
137277.1186852770
30758.4410076604
20692.4051263960
76778.4972252422
Case #69:
60626.5985993016
63888.9093322127
75744.5374467608
4555.5643052330
33474.4942085120
903891.5894087367
30652.1580165272
31408.5491187330
33549.4559044845
2334.9758735831
517.7854183090
283908.1847798835
322620.4940449013
56320.9225106086
18786.6135626950
68356.6351289886
15869.4485746452
180266.8035707450
78396.0057254024
42842.5334644537
205809.1040876467
47597.9305754006
112233.3163602217
84742.4326111975
38067.3005523694
15137.4506904267
13939.9007407759
24241.8004154680
3486081.4230679017
22532.5124068624
28613967.2042264337
99422.8715690355
195638.9617606007
181554.0843588246
55996.2416714871
108552.8373377619
35512.9618902243
5130.3891343292
127.3539760965
11337.0713547435
49127.5217292256
24384.1134591886
159000.6146735070
8837.4378311880
35641.0699296286
11254.8337811092
15564.5853177766
40428.0896138412
12357.9154964188
21967.2030591385
73312.6174014595
2239.6380112756
67156.7234933018
7978.3827935425
24090.8603603806
38341.9129688860
13045.7597835815
105093.3878036393
8562.0558981890
35676.8614285326
56613.5932409981
1096247.4694846844
30861.2582262042
50411.2175257311
175407.5954235269
7962.0549172374
68764.1239297749
19242.7332889024
96774.5803569965
132601.1158286609
2444067.6543449473
22757.0264649143
56299.6921664401
18201.3756741935
32571.6904471588
20703.1608388873
27103.3677428961
22248.5377251652
333514.9858270262
43360.0025429399
79804.8306068748
Case #70:
999999500.4999583057
999999500.8127711275
999999500.8877338268
999999500.4713725647
999999500.8252595483
999999501.1848829876
999999500.8208839415
999999500.9425565406
999999501.1562083354
999999501.4863357411
999999501.2080391504
999999501.5409088076
999999501.9756669105
999999501.9229573544
999999501.5313985611
999999501.8385370834
999999501.5091047560
999999501.1281374882
999999501.5966998551
999999501.5738626483
999999501.8734278575
999999501.5637991301
999999501.1328828594
999999501.3858336387
999999501.4692207669
999999501.8994456957
999999501.4157696824
999999501.3010890782
999999501.5009873396
999999501.9536146152
999999501.9793399897
999999501.6532093315
999999502.0919007541
999999502.3463908617
999999502.0486128391
999999502.0538445624
999999501.8339834286
999999501.9168847631
999999501.5030770340
999999501.4265974125
999999501.6562084754
999999501.2012098312
999999500.7139460735
999999500.5516827098
999999500.4131384992
999999500.7099062264
999999500.2819292760
999999500.0188463385
999999500.0083619305
999999499.5677819672
999999499.8157480813
999999500.0958490117
999999500.2689459103
999999499.7708139790
999999499.5834681334
999999499.8634506745
999999499.4363993302
999999499.3339989089
999999499.0073896165
999999498.9276950302
999999498.4340012027
999999498.6080523338
999999498.3624319498
999999498.8804282702
999999498.6634202020
999999498.6919372291
999999498.5406438108
999999498.6784151412
999999498.9581130499
999999498.8055439013
999999498.7289907234
999999498.2227787769
999999497.8458637336
999999497.9740685565
999999497.6943429631
999999497.3707693297
999999497.3040710308
999999497.7572716376
999999497.9847741257
999999498.5048445800
999999498.6869150782
999999499.0913622859
999999498.8932047479
999999499.1897077355
999999498.7434083825
999999498.7944940744
999999498.9988644377
999999499.0021490648
999999499.0273707226
999999498.9000681728
999999499.2120463106
999999498.9779561782
999999498.7532623194
999999499.2072351381
999999498.8178392228
999999499.3458148608
999999499.5154451974
999999499.3665143647
999999499.3247920947
999999499.0066176589
Case #71:
10353.3764050570
16213.2942104982
69337214.4682502335
22133.5768777042
18562.3115564276
17678.8229648919
1821.1195327800
34818.4349981222
10325.8976597645
48908.5325035860
16852.2544726164
10325.8976597645
49646.1792520626
29650.4138246134
21240.7169903787
21701.0056955612
1767.6281991403
4810.1462587713
1069865.8164425017
46418.3801352973
24917.3504309625
40668.1409643636
22653.5564325596
57745.0630048184
12584.7449898177
368156.2177814811
46468.9134191090
32243.3038671434
7127.8013576262
22433.0821001515
51177.8387667858
40964.5936309186
49408.9453385351
1463.9210547384
3340.5917585239
12584.7449898177
32242.8035663812
16995.7879511047
89861.3846141624
6410.9883288864
46468.9134191090
17694.0853855901
893642257.0000000000
8322.7795362275
20642.0013737004
16694.5636400493
66119.3105301642
14684.6859552007
9124.1850122318
20044.8755143692
34398.2681755090
15101.7720171496
Case #72:
4299641.7510671747
2565.9395312953
2434.6375061662
270491.5252763935
865714.2669503702
8596.4355403853
5610.2823428062
28956773.5609181500
19048.7454531581
28732.0000000000
Case #73:
6800.5754180963
20958.8519895108
44109.4403581602
8696.9519442445
67317.0525729074
60952.1704781821
63148.6667093139
34946.2141892413
49005.6036341312
37610.7346083287
45097.8074424373
54947.9844035254
72837.7529684682
60624.8969221503
63582.6778915201
54161.7730317877
42265.9224542820
59368.3302799479
67261.5303636865
64830.2384632297
35898.0560498061
55929.1307975337
76954.6715709370
193236.5893429900
66593.3176659019
45158.2966850326
59904.7520661265
16716.9057790884
12884.9202803642
52713.7866005039
38939.1469731223
16281.8435072255
61754.4366971809
46348.7415112443
67605.5803196583
66978.5320385622
55817.3583497092
120239.7339281532
55142.6454514089
102977.8542843439
221926.0362893225
139091.6484616451
28579.1937479382
65668.8552292640
68726.6700160899
20490.2458829846
63600.4745350321
69273.4718019898
60306.6105908751
39710.7431178761
50922.3547358801
47011.1683849218
35998.1020536836
61875.1347959060
58415.2307051517
59077.0222701062
55445.5078403502
70325.2165829958
37740.3347238500
51309.1104511509
51598.6564674403
109590.0732856646
94198.0295973423
79980.4910183240
32267.8927388733
36518.4244508192
37747.6462782029
27369.1683793319
42273.5271792126
79054.1875420520
64171.3943195198
78076.9581613805
2643855.7399638480
64152.6733268979
70666.4683619647
60083.6008012148
67938.4102763283
29344.7608737625
56054.4348689077
41419.6927925384
68064.0335867742
12423.8366036834
78800.0515424063
67241.8200191278
61621.9281635773
43027.4160836477
38955.1962162589
46244.2594804951
63087.6218512599
47710.5454511391
46448.9207280996
43937.0030047280
28545.3687021147
21513.0432131722
77720.9199239601
70340.0726595464
97169.5813102590
55558.7275429603
70717.8190686090
38240.5056916351
Case #74:
28220.4705208620
69403.9593895048
20973.4682490069
32601.4438492184
32334.4132317101
32221.0504052904
41923.1884520758
67102.2303323100
12255.6537956336
40708.6689625082
41303.0925240101
58190.0851705731
39941.5097404426
65629.4618579265
36788.7107878102
17407.8782375205
45279.4812150833
42458.1383736310
40264.5599546139
39364.4924917246
34506.5026500345
6839.8012224140
41751.2426847459
55048.9283156559
26235.2466702520
34351.1576137172
90027.0808707486
51250.0474054633
67232.7256040970
19717.9919517206
327903.8694457274
59687.6344966700
2162.9779560934
64154.0394560425
34606.2686901276
45589.0513690076
39691.1310251265
158381.6725418076
48569.7784645295
61948.1733138960
27612.0921680640
39208.3032547628
35313.3832694083
45699.8872453461
37481.3623430658
69639.9145023710
70436.1979110630
51159.0257337914
27159.9842931800
45473.3594402822
37435.4834811661
29148.9222602074
38040.8294446987
31569.6840560557
27275.7544531931
50037.6509928388
61933.0684599784
35603.8414226378
13377.4528232255
28418.5731757865
29397.9532222114
52689.3141073415
564263.3263097691
45846.0991297444
44437.3430880846
12027.7356819570
15793.2796062748
34075.7018334894
44884.1472107236
32031.9015112937
76370.0500757002
51469.1761500768
20717.7446282290
87285.8007749564
36668.7176679683
38696.9666236391
107398.4083330291
28174.5810221936
21330.6229676725
26457.0744074105
35251.3590528940
64135.6965239159
855.4018247487
37978.5897122332
43134.7596349196
39150.9442926978
33743.7284268236
29568.5539104739
39066.7746560489
28960.2778942187
28374.8532359318
31915.2335689121
37694.3361558400
49119.7378939533
61761.7994925536
29652.8408290711
111505.4571718478
32643.6706808474
70642.2094599783
49162.1551385270
Case #75:
87186.5428688829
63353.4763064544
49538.7751499933
38920.2997860412
105195.5625025695
9167.3603463800
80012.6906257264
68732.1596665967
39205.6049099156
480336.4649440033
6112.8751122731
71896.2619597784
48234.3828752672
78616.5413003380
50341.4848478645
197953.3699226086
5881.6305663559
48703.6113352273
49383.3339803896
12562.2856538478
90040.0839355542
273377.4892402826
382.3953161340
115992.4213766607
341.1453314633
107130.9334465497
72873.9075577390
105117.5532056304
45527.3274498135
147767.9879176928
6873249.6915630327
19372.4328481959
83107.7685882774
58713.3835601412
21354.8895681805
1810.2690207250
479193.7250905558
48273.3003851894
44.2126414978
30512.0046674407
24717.9088260645
62767.9859361224
80012.6906257264
131394.6818146881
261227.3784422895
116704.5761159149
160302.1633709052
22355.1594871885
122888.8655956370
20708.8243548782
24763.3451757036
176129.1828229298
7073.8212208702
110063.1128887301
12934.6303140983
16930.5313809626
28549.6146220585
21714.1696174814
107675.9290669847
77041.5583253145
58489.9345148355
41808.9297279899
34378.5134684446
18161.4803254401
234253.9616459151
63547.8764202760
646.7255986893
406655.3689975003
33201.9856394199
21171.6663432567
46323.5604067542
77242.9594877541
58277.4722584756
78235.8592120525
38496.1504738973
376075.3714147437
22963.7269734325
Case #76:
139232.0182200507
400908.5897438746
387420.5461690508
170563.4635820929
938162.9554027707
1315335.1060067380
64677.6269837563
40473449.1676630280
1750.8949978744
159949.4832485090
450640.1130541067
923145.1757097895
88924.8671363304
257194.7056528274
1547582.9798079915
390527.8140230032
1194868.9545510877
537867.0889493306
210534160.6346980121
28808.5316526446
206017.7717773895
41741.5550449817
Case #77:
56007.0893934960
76757.2942355049
47511.0208243024
99691.4230286405
29489.9106270987
57883.7551475812
46089.3193629388
161892.0466613768
31799.8099838898
279197.8698190737
51763.1195451793
35366.0196278363
52712.2397220556
956412.9804190968
51185.3188004037
45169.8452053499
44519.9132342062
55342.5661381963
40787.8016770587
52768.2263142828
53379.7578331827
37829.3260543528
47554.1746239334
40295.9143329222
49943.2117333160
47490.2324598038
59291.3451427302
45796.4601080808
83049.1881850740
116638.4803243419
46458.0294649509
49263.0869987907
46295.6021485188
57961.9673917876
50008.5024770042
42472.7341823130
59588.5707819079
49538.0398409767
43901.7195060745
55344.1470579469
48892.7713994047
52127.1038807168
43372.5887236352
425617.1763650981
55467.6773142953
49100.0237867018
50588.9244218184
42431.2654522214
52160.5361516038
15919.8827355008
41766.0832242711
46501.4274559272
45502.5234819675
39369.9744358292
54199.9717358634
64454.1727196584
48091.8258405817
45054.6533481300
44360.4807343583
41192.4864416270
47058.8529687829
60458.9210138154
52696.4663274293
50809.9277621153
47670.2382625036
9460.7202901347
43835.9986671942
47162.0837342047
47151.3640286958
47768.9906157932
34143.3282045823
46456.8815171270
60076.3386274673
44504.0566535495
51263.0702362919
57630.2181214101
51927.3489124140
47431.0153142709
55855.0055768725
53260.0766120138
40542.7084024809
188080.4803964853
41271.0037097453
57548.4014291849
53233.8850530841
51114.8900986644
47238.2095744511
47563.5238853983
40962.0274278462
50608.6209131035
27126.0079575768
51953.3140987278
54078.2424077629
67238.1891405780
38291.1861995488
38461.3547871425
82829.6514309046
56940.9271972337
192369.0805257751
45794.3831689024
Case #78:
37008.7469758959
159138.9636244232
63620.8438326231
10712.5628785412
102607.5379282106
15555.2462617227
7868.1350830773
85418.3137452976
236527.5471569243
101245.3380470393
251705.9821165861
481356.9831754070
76091.6865584122
29546.3370695578
25751.6619366531
26288.6055244506
Case #79:
341534163.1652976821
146207510.5952148513
97235.0317522031
146207510.5952148513
207353.1162507710
647712.1939784946
255.7476682644
282002.5494220654
598864694.0000000000
33797.8422141968
28163.4490114154
5.0000000000
242855.3829615275
101292.7136707340
42012.8356034933
17633261.0669342929
934184.0374808381
302801.6395318190
233931851.6660290573
5239.0000000000
111032.9929388786
4176.5227008589
19041064.4396088442
313015.2666705546
67518.5869228082
377845.3849493345
5.4772255751
90165.4002803052
23421.1369559197
117129.1623434691
1021315.0624124459
218046.1210732268
544173.2611530332
280524.5201046076
330435.4800441726
250628.0080414540
488403.6045252677
250628.0080414540
207353.1162507710
124457.4338615317
Case #80:
150848.3166397319
109699.9498041199
358.8165124820
32563.0339864992
185117.8792771590
17610.5708195432
248971.1923931303
380.1789052538
298860.1832804740
42912.7820153036
136342.9333655704
32070.6507066908
96323.2530869651
113949.4908148282
Case #81:
29496.2249003573
47069.3490752727
3864455.0792030256
71567.2204717566
68632.0510030732
20000.2518708463
40003.0523423632
12350.1341693117
52180.0963090927
8703.0813146768
52471.2735174443
134.7516233668
81262.5097986870
95767.6244618070
38398954.7018439059
6510.9153557567
22139.0516243266
25447.2783317588
8871.1689727931
31351.6715008452
112147.3544343400
50331.9012428315
3393.6167023352
38434.0902409163
58161.1697634481
12965.8391794491
16698.0163949073
29057.7721291337
27877.1848842942
114445.4195253247
93.8088350906
68295.3107974756
7470.8232648103
31626.0766140854
31094.1566201342
767995.8833759737
21514.2509034571
39670.0000000000
18430.2678198426
5052676.9606176606
28976.1729011095
22416.5819577609
381590.7942742074
8757.4532993723
32518.2383223343
21942.4882964415
59350.0761353944
83634.5022321923
38918.3742577528
80973.3901354858
50060.0545257465
Case #82:
46128.2386169785
36126.1643439583
63446.6214898090
38513.1233710779
63698.9964673818
27289.6443284350
41961.6346968762
81346.9187552950
46711.9809347068
41442.8200783467
37334.3175450843
29929.6250776843
29840.1313954503
25731.2726786726
199060.4071700647
37215.3114880817
47151.5609452128
56318.6991273057
109345.3194386101
43617.0093738046
122268.0378711191
53082.5429343589
40548.0613656405
42080.1963202964
8582.6819091688
189874.7911768031
51012.2006516148
77828.6527541952
39941.6919660706
71601.4229794307
15381.6166253178
41340.2279164834
58522.7059293216
31648.1310093003
38894.0358969197
48936.4586844561
46155.5033591009
45596.9152587406
32792.0044706255
35583.2138144134
24299.3859545803
38230.7136870078
35141.1629375737
84700.1918666436
54660.1837927423
42349.9185402960
61894.3016470532
39193.4746923435
39646.1972587147
38877.8973913177
30628.8570407216
35903.5402345598
63125.9472157031
80751.0576044905
34282.7507801858
23376.5465095926
293790.4926841224
51218.6707626708
55489.8369734150
75965.1785877134
47639.7250392528
44549.3575007715
30579.9081389441
44853.7579707039
49835.8966748388
43729.2944019656
42164.6813836806
42334.6421442054
51743.1208032316
45878.7153848366
79253.5287238923
46838.1963634918
36495.3352900962
11424.0686124713
27690.3935784803
61378.7122160978
41726.1564676340
2609.9988466693
34763.0557358086
44522.2656680472
76588.3091358526
35245.8761123996
130713.0445921752
47231.1274207951
73713.6921280830
42237.0475833185
36349.4516528599
63244.3947906175
57135.4425223872
38241.4263622405
23863.3948810724
33118.4451898244
37787.3022251947
40383.8442091886
44542.4846636362
46194.7437590206
34592.8143179233
166658.9709077793
53233.0997314247
43699.6689513274
Case #83:
26087.6758329940
26708.3187770904
36060.8630530737
7289.2688754701
74085.5908267059
35538.6447074288
38291.9920413351
22983.1150149020
52240.3029852917
28562.5762235787
42424.9747693117
76015.9285379047
41786.2960993864
40801.9307775249
45420.1783871533
46977.2572638934
74621.4302002956
6494.4067953036
50303.2486741560
27153.4485683322
66400.3709234688
51323.4384103709
341216.9206246901
69580.7438925780
32926.6077559136
44712.5690665393
69824.8589798444
25661.2290526005
59122.7560890664
27468.7685846900
40125.4859057935
38864.5439362285
41943.8999451136
26039.5333331948
48316.9674632311
38587.6715328017
36628.9372676933
62402.7967260908
62684.2947377327
40565.3585272720
38782.7621089397
39748.1415552351
46749.1357170226
14587.6849808172
10569.1695155858
20346.8372417285
26192.4661160598
42913.1830077809
96423.9340347943
25868.8857611185
32416.0007226973
37134.6811685572
50597.9785729002
39606.3881922917
40217.2082528248
43233.2691023078
71114.3127463073
50416.5233343890
19585.9161353359
74147.3736504400
35718.4266334668
24341.5497840903
44148.4630195455
20488.5304921245
29125.7768294786
22895.8066637748
504159.6194517447
75878.8867460976
38715.0048701359
35934.8335669418
12811.8008465610
62145.6912272454
37559.8481281895
40602.2050035313
24890.1505912572
13889.2512612312
165738.5934312051
73379.7082891000
27295.4615957009
47523.2411718163
35693.6056099447
28332.1769649565
30046.2537379392
62349.8063549336
110700.7797537717
47057.9690039766
25980.4068153791
38806.7115711768
50880.5285919844
38631.6857100582
45043.0537958916
52237.3096852883
60355.2419358831
48743.2620379327
42388.5451422517
99681.8441173515
23976.0624893958
8047.0860350144
53297.9757614504
23061.0651013271
Case #84:
1000000000.0000000000
Case #85:
10658.0902420961
152382.8924572582
47092.4692607381
77966.9260089504
232262.7745159126
250194.0353852602
26978.1214975066
62045.8716568188
29091.5920216505
39355.9066996091
11087.3588503638
77572.4084198506
97082.0827686998
22198.8854440814
26443.8457528916
17849.7955448598
115740.6929440913
43454.1240382580
50981.6102342015
97845.3192114175
13581.4853971822
487.1773283414
22669.5144969948
65021.6768439731
24535.3162328818
93386.1640778251
124027.8818037027
97843.9205179148
123715.1794165995
34149.8493179210
3440.7951092392
4676.1541416041
22565.8189243824
8672.9314929953
88324.0061346775
8068.7180651814
12924.3176729684
44071.1438071514
43101.7525690505
14682.8372401764
36285.7344732370
116612.7258581453
29287.7123989618
222126.2295777303
156090.9252954764
97770.3125512438
15045.5588171918
132624.0534883331
41919.2399397190
185074.5458370178
74699.5809117063
40554.3610170769
106208.7329030043
82767.4033987656
9951.7057318017
20424.0834183437
97441.7257845433
76190.9481364939
113431.6448102321
75419.3517408984
170358.2948188940
23950.6441392041
97776.1507169558
5216.7520165008
355256.4538369824
21236.7203594572
65720.8914177258
Case #86:
1612283.4178508962
123011.8247179138
17814.0435744487
270998.6964278792
540063.7368304507
43076.7302417411
1084880.9603895030
69492.8091396201
11330.8685391598
9396.8945914008
123011.8247179138
73806.7805114664
95.8864397945
2596.5440846404
44616.0306824839
20156.4888107041
175271.0745176012
75913.9590510455
73806.7805114664
99354.6969699440
328.1842139033
69400.4597887162
328.1842139033
35942.6513616726
871.6297282404
32356.7928443692
Case #87:
17321.9575083264
9681.1412084603
32632.6200384444
21823.2032122721
64657.3605713443
31739.6463124108
9521.2783960094
46028.1278176618
22190.7680719230
7373.3276152012
49829.5387540853
40824.7619461399
24607.9258277078
10307.0536535796
46611.6178338833
28837.8551060515
25855.6530964336
30306.8998717752
24724.3074334161
30600.8070284401
72218.0196649305
29919.0827682672
132663.6892063571
31397.0124335214
32420.3169217056
24863.9832468108
65878.0934440135
11145.7504494816
26518.0243815855
33323.6928742299
69790.6541597175
14015.5622408771
21872.1077045022
27540.4643851289
39909.2163951758
24023.7064265473
22332.6062923973
58800.3084817378
34525.1315268613
17938.9705035251
27246.0548869717
26214.2059536061
92554.0299895026
21095.3126966411
19630.2757832539
31929.5712469366
84010.1175793557
31506.9961724831
44120.6936001948
37100.0314037315
67669.8830059810
31900.5710303407
16847.8535727703
15609.9077314448
25261.9374858771
31900.1343195162
23601.8446397412
18999.8423539037
592342.1290906322
76065.6378122989
31175.8252942906
66962.9511508115
36896.7913029247
23031.1017696938
31946.3069317643
20062.8724089461
37714.4887766332
25133.0338703700
26042.3575319844
23776.4313624222
34189.4646632232
138740.0149062434
33690.8039812606
23607.3553768545
22812.8944446307
35595.6861933970
26542.0502572394
34973.4801525134
26054.6418100317
33916.4226204955
10832.9572655176
21802.1735627495
20542.6192923304
7911.5689746235
28932.3145824865
21732.7777504093
28223.4655237497
36017.8002902655
14132.8980618882
29651.2743640668
30517.0723019787
22716.9620113403
28686.9274661936
58785.9562027954
24835.0638182794
24262.1443826358
11525.7879760199
29419.5700692073
15936.4279836077
15221.4700973625
Case #88:
1041.7160570056
1082.2352931724
2269.6045729089
1959.9269394397
15006.9572910281
1300.6035935612
3237.5815021107
3473.9701738846
668.7782213918
Case #89:
2806.7268617730
56873.1695894466
114259.8420466505
77779.3516954800
24383.4192641681
47043.9360154479
54123.4549763919
34977.0984549488
1282976.4779532241
25043.7320704524
73071.8564897496
899332.5293243983
20257.4374216081
54817.9532233463
2620213.4358377194
7853.1338360821
8578.6177757168
12629.3452819824
469.2632450972
39086.4911934380
38871.3618537205
146449.7033483813
13474.0685234378
67850.8517115469
73678.3067951489
55010.3003502252
7392.4638342343
82058.4900827473
42625.5693802933
126941.5269289113
48558.6364906887
7174.1520798918
57684.5256182440
1215785.0419872750
43270.8053554234
64825.9025861521
60222.5150079845
87506.2560950548
45901.2175635248
40236.6927299757
122002.1549671632
209620.5444311018
63645.8746625375
Case #90:
8290126.6963266008
290325.3582913631
151950.5939343623
23795349.5097588270
210082.6580331111
714531.5618283800
571.9440532080
96417.0000000000
146988.7388169242
391792.4650988993
79.0308056967
6044661.4293616148
1024002.0830812579
214817.7721860290
276760.6227717729
83006.0465569307
220051.3452534101
5451956.5767438023
52372.0678701920
864997.9795641137
146016.7902939401
1241289.4235122183
559325.9573062963
294801.9863290899
1650516.2695150839
87112.6621352579
338749.3034269717
658034.8139264517
50520.4934265695
1510797.1658335334
485626.9990053129
338650.8430575142
6044661.4293616148
68858.4683557870
198121.3985763698
161504.6356204585
214817.7721860290
934532.1253611591
487720.1154147676
4134.8378863885
3258545.3763845303
Case #91:
33034.8801230343
5250.5926552712
13793.6588138745
49782.5430258882
7726.5662209672
4912.6181320824
12078.7706841887
22067.3305452028
14111.9027614429
8426.3619761779
14921.7520045223
16231.4068141323
8938.8335921810
5921.6316617014
7626.8821545121
12863.0748594759
15664.7180806955
7991.6122030301
11721.5542622201
9341.2896173557
10651.0948702737
7454.3363516736
12369.0429860811
7453.7547877399
21828.8251859783
8372.8379010919
Case #92:
309751.2811692969
754806.2254770290
3168674.6150597413
70365.8216764049
224994.0598462448
43975.6913760318
88479.4691542372
83632.5923967445
21512.9217095512
515094.7347095064
1783421.6889168338
294981.6939529750
3347345.5817835968
66963.1220707074
11868.0000000000
201271.7370976979
248878.1850659036
32533.1347826605
730354.5532801902
304426.3802983469
352330.7728072681
342723.2775414510
205049.8262224464
160829.7790704904
171362.7935533689
878889.0699831360
1154199.7047360639
102508.9547827285
434659.1858308262
1715649.9688345522
41818.0000000000
348114.1033683893
338201.8260627585
1449513.6520262728
105001.8429768603
89034.1928915369
120042.9511502019
1156226.7389708362
878889.0699831360
201271.7370976979
222210.7624816659
3796508.0653354739
89034.1928915369
371837.5967341699
32312.1876505095
30294.7336328595
176699.9562959860
388365.4360183756
660950.3293086280
1449513.6520262728
398253.8853509147
289877.0021410100
697245.1995766114
Case #93:
28955.8020252779
124241.3962080508
1549.9183155559
43815.5933295321
27856.4482031779
2389538.0000000000
262.5638593956
110392.2349323708
410554.3328938388
636.7990263812
5088.3066877314
45245.0276235051
10425.6282335065
102794.8510435298
6434.5302794046
16749.3211698199
177341502.3195916851
43348.7771654196
957087307.0000000000
36181.4819334370
1437.8061350649
3448.7483236638
513.4209085796
15451.2183501270
84177.5440765499
210509.5089319490
581974496.0000000000
23369.2509021094
27068.4375375750
40591.0858373736
21651.0204189953
5722.7395220690
46571.5510642385
44219.2566229337
16705.8570530745
14833.3745934482
30447.1958447916
10.0000000000
5088.3066877314
65739.2194599553
398877.0344376155
25233.3177373513
99176.5335704855
Case #94:
2470605.1540930210
424758.7292762117
199234.4913892113
1803.9611727410
469343.0886104927
527910.1255520525
810380.9403741051
1053978.5972759654
Case #95:
20860.1306144116
141194.9269141051
75526.9293189180
91605.1709540010
37246.0168310280
12205.1161153264
31922.3832915085
Case #96:
25409.8119380284
829055.9872484071
Case #97:
165044.8068759154
242988.0063609113
11442472.7256220142
285086.3383782267
213.9401146216
267629.3047680643
142933.5089372274
107384.8291555777
693175.3756654215
158511.3304827291
373734.8827749615
3038.7634856773
1939288.5384358262
84905.2947252212
264187.9962181434
1994140.9266169986
1162001.5291737589
126052.0352425995
359921.9742782538
111178.1793707929
165459.6995058816
141165.6187083589
2079331.0815788375
227029.7422616112
48488.2813979762
105937.2573471303
2377058.9644839277
3691.7719796813
323323.1888957514
354970.2435780586
624131.4955031843
6349688.0842940653
267301.2242288658
192808.7767549483
365236.9745719880
2207234.8965799560
612750.3947519007
202107.3143690464
104475.0473864238
186270.0666087716
149514.4327447150
809816.0658345339
275891.9643242178
382193.1502102353
26448.4776312768
881362.7601937588
193656.0469451141
120289.9250017696
97614.6884334953
112187.0964298444
81002.8259544460
42585.1909155379
415761.6117129436
280015.3070195621
881362.7601937588
91453.4279069451
Case #98:
16703.0639589039
20812.6850155084
23714.2723967289
388268.2232820325
4896.1651791194
17062.7290181654
1423261.9748638561
223434.4353487404
24718.3688192928
32379.6422534199
42337192.6829548857
63827.3134198730
18052.3130430967
769357.7714353696
10577.9903196581
40825.7510731029
38899.6717732186
460.8984415418
22319.1610764525
12050.6744291287
3902.1775461286
34428.1096718737
8683.9820256057
405538.4731199941
73859.2652759034
20220.1992188827
18625.1485589724
1087939.5070664545
19185.5057934559
593943.4488022178
32298.4898136114
42915.9972271639
470227.6553478281
35172.5675431577
31723.9989774240
10584.5193750493
47185.3887406512
10179.3767741088
18507.1189389492
13791.5514263550
44359.1691223249
11216.1090997907
Case #99:
39602.5610954028
32564.3808612772
30882.3776531172
63055.2981456983
24999.8148996978
24374.5714874506
54413.9113550720
2113481.7903161598
46129.0939899477
37666.6694878120
861509035.0000000000
160076.1253846979
31370.9916719310
45275.6737022607
8976513.9565804720
6660.2243325542
262455.8329138231
35567.9988752709
129968.7647822598
43349.2049964922
14596.3540665079
37313.0705926002
31811.5826080742
37920.6048834595
20489.9699475241
26225.1176827819
33629.2542256981
42283.8976184536
18649.4719006211
76208.8713807525
5512.0809126270
25369.1608992407
43343.0993253756
149237.0254331328
93734.5937927770
20508.4473464092
36493.2987263426
1435.4222249716
10739.2419581529
110431.7843690009
36849.0071966233
4847.0659717904
28175.6956270403
28260.2818678261
62323.9797223237
55706.7400685646
43156.7061173865
36266.8340921693
18083.4009885889
26559.7625894305
51569.8117425266
66576.6619322941
Case #100:
57202.7145614207
58403.7180992798
1381954.3084442448
1129.7611831717
25985.5773727162
79339.6868169061
26578.3190258667
35790.9168297210
16746.2314702302
25625.1052572678
67701.7649739168
312094.0240069232
16333.1750844289
52986.3740942260
14330.3353726617
81178.0841778826
12483.2780202221
28820.4267453206
417035.7728978868
93635.2100099603
52083.7848344197
15509.6882068900
17327.5796767909
42005.6650362848
88011.2027680095
1434.7943888357
65395.6763205739
52070.4663893075
75961.3125225953
26048.5499174395
203038.7676118867
42605.8506411542
58063.7111326745
19852.0802609309
225186.3703139512
13332.2267005629
213314.6793371682
25025.9158479369
780163.4648862783
55798.0000000000
