Case #1:
6113794.0489100544
642868.5012309828
299865.5966462308
1354000.1847298949
83104.0134690352
8507.6100051660
1776980.2178223594
259734.2433963077
Case #2:
10936.1942698798
107615.1685365237
24208.0000000000
19440.3668487600
40032.7647061240
53717.1967268048
17018.3524128498
330682.2075745605
8987545.2960994858
8987545.2960994858
Case #3:
9.0000000000
Case #4:
316885286.0406419635
880103.7421305564
10970909.0104014575
271850761.0000000000
5767186.8089995831
352002040.6400859952
12463422.7425240800
1942.3596090206
28534.6929017994
342127382.3002012968
Case #5:
36195.0000000000
3130.5622642964
6.0000000000
80967.0000000000
71508.5371476721
3130.5622642964
615.5729038871
3130.5622642964
54135.0216126308
Case #6:
5.0000000000
5.0000000000
5.0000000000
5.0000000000
5.0000000000
5.0000000000
5.0000000000
5.0000000000
5.0000000000
Case #7:
542.8590977408
40442.3848001989
49116.0000000000
5630919.1302756378
33274.8173232000
116255588.0000000000
32346.5653818145
32346.5653818145
38090.1573082273
49116.0000000000
Case #8:
6956.7483813263
19425.2543224760
657.0966443378
18701.8831945999
5753.2213054557
6467234.0407432290
8.0000000000
109.6111831064
2464.3805036490
1056.7603130282
Case #9:
193049288.0000000000
193049288.0000000000
193049288.0000000000
193049288.0000000000
Case #10:
183049.1105911701
431175346.9301537275
361930.6105275009
2185993.6771802427
Case #11:
131236.2973709082
27104.0000000000
54724.5139494176
1406.6243279568
2129.4975933304
Case #12:
183.2968352896
52389.5852948464
270459.7735534300
603179.3738278945
2649103.7361482522
4.5788569702
21218.3609472401
Case #13:
173.9949939519
9988.2379698305
408479317.0000000000
631.9328639084
478.0842101456
177389.0273442956
6423.5375978644
6423.5375978644
Case #14:
612884954.0000000000
49513.0267303464
49513.0267303464
49513.0267303464
49513.0267303464
49513.0267303464
Case #15:
2437816.7629454108
6644862.9375561262
47172.1261975756
10.0000000000
319925104.0000000000
3899349.7725905455
1342778.9525162636
2437816.7629454108
1342778.9525162636
663210.0504540666
Case #16:
10787.0000000000
Case #17:
451036780.0000000000
471869.2519188659
21559451.8385579400
Case #18:
1143.3951539661
25739.9753690636
3124.5615020279
28337.6111860436
225.4621722717
25739.9753690636
51954.0000000000
225.4621722717
1143.3951539661
Case #19:
240055.2323409330
1319017.8578643061
420307.4043783239
1078750.5723952821
149962.2104421638
240055.2323409330
520756.5720316186
17652382.1009932160
451129.3946036650
177357.5100690352
Case #20:
363.4253706059
678308.0414754637
67444.0400702686
2475.9748712742
196555.2192499476
406683.0309977664
280757.6387882836
54788.1760529259
62061.1544960852
2881662.0110089993
Case #21:
320.2188309076
320.2188309076
38728.4550281369
150.8144555406
669.7585150115
2081.8596807124
2177.0078351105
32.3244984191
7793139.6973801255
782821.1303543577
Case #22:
5724246.6753276801
181.0165738268
1.0000000000
Case #23:
714.1820496204
714.1820496204
709679.8795751622
820988218.1337996721
673681.5094208227
159773317.0000000000
3.0000000000
17875.8673635715
714.1820496204
3109.3253850482
Case #24:
855.3081316111
Case #25:
25026.2049964744
28043.7969258444
28043.7969258444
292509.0312031846
50695.8415281087
Case #26:
4.4721359550
1236.6317377007
85074.0250534716
85026.5773038054
4.0000000000
85074.0250534716
Case #27:
26824.0266179409
16575.4947437475
622771141.0000000000
2801043.5205566450
359764202.0000000000
Case #28:
4943045.0784519454
67563.6747372432
1422706.2781262491
Case #29:
29358.2777206469
36220.2122708263
878273504.0000000000
20467.7812101749
10523.2648535919
1299074.0509073590
20467.7812101749
5437.9859300899
6108829.6535485424
29358.2777206469
Case #30:
74676.4419826014
3075703.0866079000
74676.4419826014
Case #31:
2896993.8661982007
126847066.0000000000
1749701.0995910128
2573979.7620197944
10210770.7566310912
10210770.7566310912
1749701.0995910128
126847066.0000000000
347734554.0000000000
Case #32:
1435.8656645569
959.3576722257
6499.5012462962
1132.9163281840
316.3736424238
1435.8656645569
3890.8574211794
1186.3604024195
3411.4411105077
Case #33:
36997.9423630222
81.8757288749
3989.1069461464
64437.6725138331
36997.9423630222
81.8757288749
64437.6725138331
64437.6725138331
461357071.0000000000
Case #34:
20086.7720865049
35588.4581430553
25169.6999982121
35588.4581430553
35588.4581430553
35588.4581430553
20086.7720865049
35588.4581430553
644294.4490873901
Case #35:
744399.3645183077
744399.3645183077
33352.9927422734
1547.3186613590
4.8989794856
4.8989794856
3.0000000000
744399.3645183077
21519.1271430790
21519.1271430790
Case #36:
2959.1911318569
792728.8677898881
65717.9337167565
Case #37:
400883541.3098376393
496504069.0546423197
443704758.4859262109
Case #38:
1.0000000000
1.4142135624
15.7097250730
15.7097250730
1.4142135624
15227.0000000000
15.7097250730
1.4142135624
370.1931928061
Case #39:
361.0891320111
39836.8637207641
11140.1183400998
5.4772255751
37031.5185483933
58310.1062081008
5.0000000000
361.0891320111
37031.5185483933
Case #40:
9.0000000000
2855.9680425785
36239.2704033753
6285.8335034274
6285.8335034274
Case #41:
1888.6127569288
1.0000000000
Case #42:
9.0000000000
Case #43:
352742319.0000000000
947723450.0000000000
947723450.0000000000
68837.6150807100
Case #44:
81845843.4868071079
42078.7951579036
522502.3512288660
24610909.5330582932
171075411.4531039894
1100274.5606964738
20681023.2002338395
31644376.8198789060
217909479.7825167477
6934671.7657596571
Case #45:
6583.7107351241
68548.7752808190
67906.3787717568
463.6884301047
56933.1982384484
56952.7152174254
4627.0353987421
116.0461568199
49913.4202818485
17159.3003169419
Case #46:
53681.8239035486
51588.9113505902
Case #47:
1.0000000000
2.0000000000
Case #48:
7.0710678119
7.0710678119
Case #49:
50623.0000000000
3179.8672934876
2300529.1527418206
14792.4640594723
48030.4259800841
9.0000000000
150.4933091951
34969.1037387285
9.0000000000
733.4446992822
Case #50:
1074904.2456205923
7587.3784602351
6051597.4820432328
83.4237773586
6051597.4820432328
Case #51:
70.5214404971
7.0710678119
152.3101642158
594.4198852663
70.5214404971
Case #52:
96202208.0000000000
17463279.0441455320
4.8989794856
7097.3807418762
Case #53:
373.8247476621
54680.4198870476
3.0000000000
3.0000000000
305.7954918174
305.7954918174
5026807.6662561903
53583.8179367145
2049.8851122627
323862415.0000000000
Case #54:
7241.8579877470
255295.8014816754
4150.1053434368
828193172.0000000000
986500427.0000000000
40310.5233774935
10006946.3639125098
10006946.3639125098
38134.5505572372
3803094.0831328374
Case #55:
450730353.0000000000
450730353.0000000000
450730353.0000000000
450730353.0000000000
450730353.0000000000
450730353.0000000000
Case #56:
1.4142135624
2.4494897428
Case #57:
340342.3692610763
964679611.0000000000
4822.0160264695
7.0000000000
24048.8136585332
120166.7210821962
23527276.8525416702
Case #58:
6.4807406984
9935.6969735344
830190144.0000000000
9935.6969735344
3.0000000000
3803.6406299852
1046.6219348511
Case #59:
7399590.4664361877
35493362.0376942307
360793742.0000000000
1772779.8128409348
80441.0000000000
14806.9885369176
26044.6615067272
820109881.2823092937
Case #60:
153089605.0000000000
153089605.0000000000
153089605.0000000000
153089605.0000000000
153089605.0000000000
153089605.0000000000
Case #61:
225.0266650866
19.7422799339
132.5604125417
225.0266650866
10145.3507578595
19.7422799339
Case #62:
7846.7409517913
2958.5432904076
65696.3539323150
63142.9455049006
77.4790294209
612.6309981944
9628.9889915816
63142.9455049006
39.1552001039
63142.9455049006
Case #63:
701080659.9339736700
3908530.1877594297
215536.5254835684
12559.1018389055
10.0000000000
Case #64:
7.0000000000
75017.0000000000
50320.8230539982
71885.4725306782
67605.8775491792
2710.7744369651
16633.7520288735
4113.1038981087
223.9754450827
223.9754450827
Case #65:
136.9423667038
517.9830310900
172.8854122302
127.7270854293
1.0000000000
148.4063302608
5.4772255751
223.7565641495
1.4142135624
40066.7342816956
Case #66:
66205.0000000000
5.0000000000
37118.8380691295
37118.8380691295
Case #67:
1000000000.0000000000
Case #68:
202210.9222134884
30645.2864550029
241868.2929460938
92727.8324424033
95045.0000000000
172399.2725270631
207177.2677054499
345123.4933028588
362569.9791438905
30645.2864550029
Case #69:
3608502.5274074539
39246.3361094739
13748755.9620242510
401511.0967101591
261698153.9708053768
295652665.0000000000
231643181.0000000000
Case #70:
1140.7989406536
93.5508983459
59497.1905891362
3552.2464782122
26669.3905771557
369.3995127230
6414.9754997309
Case #71:
7.0000000000
Case #72:
857.6106342624
3.0000000000
857.6106342624
130.1868712886
Case #73:
2175476.4611082328
81500.0000000000
727928.6206432581
Case #74:
12320.8300815779
3146.5791273247
48243.7745108233
48243.7745108233
4.0000000000
Case #75:
4488182.1221002163
43191.7013388538
43191.7013388538
38606.6791630671
43191.7013388538
43191.7013388538
38606.6791630671
43191.7013388538
Case #76:
1590061.2361665671
277662.5740177163
508971.8981208202
807322.7207747429
807322.7207747429
327237.4492090170
709110514.0000000000
2236550.4539022953
696716.4381413960
1026557.8821114299
Case #77:
4740.1379756806
938011.0631390646
443686.7216665618
53364.0703447122
45.9785659436
908472825.0498188734
240271.2061051533
53364.0703447122
771.9585481099
139.4274004635
Case #78:
47533.0000000000
6345423.9704952734
47533.0000000000
9.0000000000
6345423.9704952734
Case #79:
57695.0000000000
57695.0000000000
57695.0000000000
57695.0000000000
57695.0000000000
57695.0000000000
57695.0000000000
57695.0000000000
57695.0000000000
Case #80:
44286.1365083261
287938.0388577409
1441495.7792051637
2483759.2051259051
540.6329623691
693461869.7416168451
693461869.7416168451
Case #81:
56.0720798025
Case #82:
19047.4741632585
172252.9905053565
87519736.5396253914
58584.0000000000
213719.5840926621
808494560.0000000000
172252.9905053565
362061.8176623511
85302.1162691759
664432.1360562523
Case #83:
8.3666002653
1814.8134528882
877.1412597452
4705.8824677453
8.3666002653
494.4518344186
43735.0000000000
877.1412597452
1168.9348576170
8.9442719100
Case #84:
1074.8323327561
52.5322672920
463.4805388203
4.5825756950
4.5825756950
2586.5393714720
512.9255324454
512.9255324454
223.1831751030
Case #85:
803467111.0000000000
9217426.8666228112
40869171.6178124696
8937959.9413125589
9217426.8666228112
9217426.8666228112
99428.0000000000
9217426.8666228112
Case #86:
3.0000000000
21900.8852433040
66352.4990863193
2.0000000000
745.0804228146
4.1212852998
2369.3355234343
1592.0050937660
5.0000000000
Case #87:
1766780.6388304124
25315.3387394108
319.1143995498
36897.1523427044
319.1143995498
50592.5696892517
6379.0000000000
35698.2928610612
847768688.0000000000
470.8821508616
Case #88:
548505815.8293409348
867495067.0000000000
867495067.0000000000
548505815.8293409348
346813073.0000000000
Case #89:
7.0000000000
50689.2611541938
724291.1744281943
83865.0916651261
24822966.4562716335
2621978.2706982214
2474.2072713892
2621978.2706982214
Case #90:
1840593.4877438310
276847625.0000000000
12237.0000000000
1840593.4877438310
1840593.4877438310
Case #91:
1610053.0083286737
668687.3011047330
80042.4482384191
5504272.0464249030
5253427.3157669716
2294715.8611369380
2445059.3856831561
5504272.0464249030
5504272.0464249030
6535349.5317218155
Case #92:
2047.4658235706
2852.6367872593
7715.0000000000
Case #93:
1383864.6878317967
4.0000000000
60697.1085967034
Case #94:
73580.6744396924
29974.3941823665
2623.0889574571
174906.9562955882
32024.1627138256
73580.6744396924
Case #95:
3745181.8312804252
5837.5273412728
78.4752921009
3416342.2473427816
412.0919906266
Case #96:
375.0766777435
3797.8476052552
4411.8341081509
1.0000000000
2626.7001430108
1078.5293383453
4709279.6735772658
Case #97:
78.7605546432
78969.4515527728
2991057.5769973607
Case #98:
7209036.4816163890
273036.8546913266
3183927.4560721386
387906.9537564630
475446.5061850396
135343.6469447642
487922.4201102793
12799.6521827743
232938.1894093819
3183927.4560721386
Case #99:
13414775.1720396876
39501967.7274607792
4763850.4901764197
6723610.5542467674
3596509.2523665363
2332880.0177274663
5916180.1317060366
1459549.6578204331
838425940.0000000000
838498.6351573289
Case #100:
136.3631442406
247097.1479484343
2425.2775964198
17208413.8903495409
2425.2775964198
559025.0000000000
87552.8799489265
1154470.6582370519
52887.4424729757
