20
100 100 100
5
40 70 30
30 10 40
20 20 50
10 50 90
40 10 20
978 383 580
20
58 445 25
462 16 364
44 639 37
22 876 239
437 128 293
540 588 21
304 22 249
310 957 587
29 589 10
99 983 763
96 49 987
119 10 62
654 53 10
151 435 15
13 300 449
399 656 102
10 158 322
215 688 112
10 116 576
207 283 517
536 749 776
20
55 10 724
122 264 654
10 980 98
494 242 170
159 814 813
615 278 95
251 298 381
310 43 52
735 913 69
195 29 266
15 324 268
12 831 11
19 148 12
30 323 24
417 186 702
799 890 338
79 615 470
540 62 142
206 132 220
347 15 916
708 39 464
20
691 490 32
10 10 785
130 230 92
83 66 217
30 106 576
10 734 108
70 193 173
501 467 154
873 696 10
259 285 183
205 26 423
10 100 10
544 920 63
357 856 93
503 13 41
372 62 393
438 181 35
877 369 662
636 897 273
23 987 807
868 903 789
20
12 103 782
696 535 181
632 98 10
154 74 998
10 240 300
95 10 698
26 196 686
384 930 414
12 163 161
163 38 440
422 15 637
355 25 10
740 26 930
277 740 302
328 129 135
20 714 250
39 730 61
822 578 333
639 23 10
485 16 75
991 827 352
20
29 560 929
139 681 102
144 853 10
84 729 80
218 20 67
140 80 901
428 20 500
520 970 128
422 419 30
413 101 192
467 448 501
32 939 684
34 20 38
251 317 132
588 437 10
648 21 79
391 25 14
499 22 24
854 77 361
405 25 20
100 100 100
1
100 100 100
861 761 436
20
53 70 126
176 143 95
758 312 907
409 183 29
887 63 355
781 941 21
235 192 358
43 20 93
106 138 551
196 10 576
195 875 263
213 449 401
639 73 934
655 222 98
53 71 141
537 976 662
669 26 11
294 729 93
436 17 15
246 341 467
459 394 656
20
42 63 382
96 248 26
81 18 126
17 232 81
683 539 847
642 336 827
449 20 400
50 57 835
23 301 69
564 917 28
647 366 151
532 768 739
812 402 741
139 237 804
55 148 357
173 84 184
284 92 851
646 18 568
318 656 760
313 12 79
552 962 915
20
213 199 214
461 68 134
63 907 730
65 595 102
24 466 531
526 10 610
57 10 181
678 30 12
511 536 368
296 18 772
254 10 495
784 40 65
12 63 668
723 11 306
255 706 292
202 104 51
141 46 500
478 159 683
44 319 28
271 192 163
401 536 646
20
706 58 262
48 13 296
716 181 182
73 362 146
42 629 451
74 37 13
61 486 435
742 480 405
353 14 54
166 119 607
14 408 181
12 425 17
121 661 194
327 499 633
11 234 103
14 624 86
114 491 84
482 610 88
15 19 722
11 293 688
330 906 847
20
39 716 70
142 19 752
683 311 640
846 374 773
14 818 12
586 30 36
188 887 95
242 951 355
255 112 650
286 978 64
15 73 45
32 688 37
690 481 831
187 29 61
236 860 147
393 897 150
558 717 77
471 483 682
582 108 65
102 251 953
812 491 534
20
663 690 103
165 644 334
49 26 10
267 184 231
242 323 171
31 273 777
549 35 588
824 28 53
553 68 206
772 97 64
21 698 558
31 10 849
10 261 792
836 756 11
403 860 794
670 234 13
196 646 532
841 396 370
994 67 441
108 84 243
985 848 926
20
179 356 12
44 490 297
126 181 58
55 225 110
321 99 486
115 70 171
602 187 844
391 11 188
53 76 203
29 374 307
78 959 34
182 24 828
318 296 43
244 72 530
161 730 76
751 808 296
487 54 106
857 36 588
231 12 118
291 62 35
291 999 572
20
514 631 123
688 547 135
822 542 52
95 22 100
25 100 384
28 174 413
37 474 15
702 511 465
10 26 742
616 863 74
815 850 707
364 10 563
48 43 225
725 75 62
991 270 100
26 131 867
168 803 59
289 408 23
70 54 234
459 876 640
397 405 835
20
335 775 229
103 640 993
166 43 570
560 10 113
59 73 39
358 11 741
63 342 886
116 284 622
415 788 10
126 100 45
23 606 19
719 107 160
13 328 856
111 51 451
12 32 22
755 620 357
10 685 618
434 49 261
615 10 943
66 535 921
713 395 742
20
23 71 10
354 698 38
138 691 869
44 11 726
166 974 477
375 331 445
426 182 17
938 288 685
10 371 432
30 808 202
955 279 805
678 408 752
430 62 748
269 19 174
636 317 203
266 296 676
13 582 811
260 812 11
43 805 113
813 492 552
292 381 558
20
10 38 218
12 148 673
10 471 330
844 732 240
406 298 322
691 617 121
752 545 241
410 301 823
155 641 273
955 165 121
84 320 64
56 60 93
18 48 239
928 925 34
308 625 182
13 13 701
630 13 212
124 304 913
289 242 458
696 822 421
861 695 625
20
10 77 445
958 23 124
398 967 12
23 379 811
714 78 384
59 37 16
13 569 71
113 129 32
688 20 215
158 267 96
823 123 170
353 483 10
964 560 17
75 11 154
21 356 125
10 281 16
760 157 656
13 651 599
888 314 10
474 876 659
588 838 678
20
314 743 943
659 696 10
10 10 352
223 53 91
733 594 19
384 64 487
15 11 770
569 639 471
590 613 747
777 99 217
12 666 132
396 456 914
186 72 157
505 952 153
143 56 197
380 988 876
869 213 672
76 388 744
68 504 684
833 56 709
